0 0.0002316004
1 0.0002675343
2 0.0001610837
3 0.0001649766
4 0.0001955263
5 0.0002241732
6 0.0002817193
7 0.0001906749
8 0.0001347461
9 0.0001760161
10 0.0001823109
11 0.0001343569
12 0.0001588370
13 0.0002062503
14 0.0001482360
15 0.0001695743
16 0.0002147363
17 0.0001947738
18 0.0002234743
19 0.0002173946
20 0.0002018243
21 0.0001859326
22 0.0001366523
23 0.0002624068
24 0.0001262026
25 0.0001932123
26 0.0002374657
27 0.0001161391
28 0.0002550496
29 0.0002304871
30 0.0002022379
31 0.0001313533
32 0.0002004200
33 0.0001002810
34 0.0001867719
35 0.0001992788
36 0.0002118764
37 0.0001471190
38 0.0002251778
39 0.0001480452
40 0.0002140207
41 0.0002126859
42 0.0001540307
43 0.0002131074
44 0.0001863216
45 0.0002625907
46 0.0002342721
47 0.0002650549
48 0.0001798425
49 0.0003584591
50 0.0002166952
51 0.0001840787
52 0.0002181317
53 0.0001549061
54 0.0001778800
55 0.0002378069
56 0.0001957024
57 0.0001955353
58 0.0001696036
59 0.0002201185
60 0.0003785886
61 0.0001327317
62 0.0001721981
63 0.0002178846
64 0.0001992168
65 0.0002317399
66 0.0001839609
67 0.0002169146
68 0.0002706008
69 0.0001815059
70 0.0001710168
71 0.0003469899
72 0.0001683886
73 0.0001789595
74 0.0002441407
75 0.0001877698
76 0.0002116174
77 0.0002066103
78 0.0002974520
79 0.0002130101
80 0.0001819549
81 0.0000994818
82 0.0001523634
83 0.0001639818
84 0.0002469896
85 0.0001584440
86 0.0002062024
87 0.0002420106
88 0.0002771352
89 0.0001768490
90 0.0002683557
91 0.0003480582
92 0.0002837348
93 0.0001389915
94 0.0001115524
95 0.0002871218
96 0.0001766883
97 0.0002540776
98 0.0002699899
99 0.0001539690
100 0.0002998935
101 0.0002559160
102 0.0002096495
103 0.0001784367
104 0.0002773804
105 0.0001861607
106 0.0001014567
107 0.0000642435
108 0.0001956315
109 0.0002387829
110 0.0003258436
111 0.0003023859
112 0.0002121105
113 0.0001172074
114 0.0001732054
115 0.0002341921
116 0.0001279973
117 0.0001492880
118 0.0001389880
119 0.0001529910
120 0.0002311251
121 0.0001576375
122 0.0002508418
123 0.0002252648
124 0.0001885802
125 0.0001824481
126 0.0001587373
127 0.0003137581
128 0.0001312775
129 0.0002171603
130 0.0001759800
131 0.0002033108
132 0.0001131266
133 0.0001366150
134 0.0000992455
135 0.0001555742
136 0.0001296507
137 0.0001450258
138 0.0001501722
139 0.0001272482
140 0.0001533795
141 0.0001367667
142 0.0001559024
143 0.0001678837
144 0.0002482568
145 0.0002773369
146 0.0001625409
147 0.0001787676
148 0.0001708893
149 0.0000583257
150 0.0001881489
151 0.0001959967
152 0.0002329255
153 0.0002714485
154 0.0001917228
155 0.0002586536
156 0.0001940164
157 0.0002499426
158 0.0001639253
159 0.0002032335
160 0.0002731418
161 0.0001973574
162 0.0002204011
163 0.0001676821
164 0.0002641921
165 0.0002047201
166 0.0002000099
167 0.0002339064
168 0.0002175385
169 0.0001747005
170 0.0001855530
171 0.0002364312
172 0.0001488125
173 0.0002163708
174 0.0002157406
175 0.0002349266
176 0.0000980355
177 0.0001865016
178 0.0002523185
179 0.0002302326
180 0.0001717942
181 0.0001301538
182 0.0001410174
183 0.0002686184
184 0.0001134095
185 0.0001318575
186 0.0002371151
187 0.0002083873
188 0.0001767330
189 0.0002252427
190 0.0001534994
191 0.0001893130
192 0.0001838797
193 0.0001811328
194 0.0003163145
195 0.0001800330
196 0.0003374061
197 0.0002192093
198 0.0001744953
199 0.0002112905
200 0.0003661844
201 0.0003176690
202 0.0001713269
203 0.0001864255
204 0.0001687557
205 0.0001589565
206 0.0001840478
207 0.0002284217
208 0.0001335126
209 0.0003536113
210 0.0001860808
211 0.0001842101
212 0.0001718204
213 0.0001604208
214 0.0001548546
215 0.0002375670
216 0.0001714388
217 0.0001853173
218 0.0002066252
219 0.0001514667
220 0.0001666476
221 0.0003264338
222 0.0002285535
223 0.0002423016
224 0.0003599969
225 0.0002070318
226 0.0002517025
227 0.0002474840
228 0.0001518191
229 0.0001607861
230 0.0002247964
231 0.0001263080
232 0.0002576571
233 0.0002005809
234 0.0002198939
235 0.0001165748
236 0.0001902087
237 0.0000947356
238 0.0002325508
239 0.0002108081
240 0.0002418487
241 0.0002111578
242 0.0002155822
243 0.0001962616
244 0.0001125153
245 0.0002258717
246 0.0001747345
247 0.0001625920
248 0.0002378525
249 0.0002866105
250 0.0001798651
251 0.0001785754
252 0.0002918787
253 0.0001469461
254 0.0002070333
255 0.0001390619
256 0.0001402921
257 0.0001907880
258 0.0002592824
259 0.0002580699
260 0.0002508679
261 0.0002988264
262 0.0001922703
263 0.0002461578
264 0.0002375073
265 0.0001786547
266 0.0001534189
267 0.0002226923
268 0.0001744931
269 0.0002571814
270 0.0000927406
271 0.0001550872
272 0.0001932365
273 0.0002887306
274 0.0001601399
275 0.0001265996
276 0.0001740196
277 0.0002070295
278 0.0002525262
279 0.0001642218
280 0.0002326622
281 0.0002573694
282 0.0001741750
283 0.0001796195
284 0.0002029765
285 0.0002286067
286 0.0001413473
287 0.0001410279
288 0.0002292554
289 0.0001755073
290 0.0002715744
291 0.0001886985
292 0.0002593724
293 0.0000909771
294 0.0001054441
295 0.0001744290
296 0.0001174494
297 0.0001879680
298 0.0002414651
299 0.0001963262
300 0.0001531629
301 0.0001489779
302 0.0001585961
303 0.0001978575
304 0.0001799233
305 0.0002491923
306 0.0002057448
307 0.0002994281
308 0.0001731242
309 0.0001898601
310 0.0001769029
311 0.0002713947
312 0.0002472695
313 0.0001496866
314 0.0002114384
315 0.0003015940
316 0.0001081616
317 0.0001853755
318 0.0001961766
319 0.0002383502
320 0.0002117118
321 0.0002394921
322 0.0001997265
323 0.0001849532
324 0.0002366435
325 0.0002236201
326 0.0002189358
327 0.0001022374
328 0.0003140841
329 0.0002111035
330 0.0001458458
331 0.0001950692
332 0.0003432245
333 0.0002541738
334 0.0001436908
335 0.0003224560
336 0.0002017998
337 0.0001358289
338 0.0001622053
339 0.0000940640
340 0.0001346356
341 0.0002411471
342 0.0002870040
343 0.0002498743
344 0.0001963120
345 0.0002016822
346 0.0002518776
347 0.0002076327
348 0.0002485171
349 0.0001597836
350 0.0003216568
351 0.0001463487
352 0.0002372226
353 0.0001291244
354 0.0003289348
355 0.0003081803
356 0.0002349565
357 0.0001997486
358 0.0002076415
359 0.0002702452
360 0.0001461416
361 0.0002869935
362 0.0002171224
363 0.0002604340
364 0.0002298483
365 0.0001914663
366 0.0001743109
367 0.0001896903
368 0.0001403302
369 0.0001737126
370 0.0002170688
371 0.0001507834
372 0.0001075068
373 0.0002545652
374 0.0001036830
375 0.0002163048
376 0.0003216293
377 0.0003093150
378 0.0001727413
379 0.0001545552
380 0.0001484649
381 0.0002382749
382 0.0001690881
383 0.0002751296
384 0.0002344232
385 0.0002148777
386 0.0001207474
387 0.0002898886
388 0.0002629269
389 0.0002060435
390 0.0001861547
391 0.0002211803
392 0.0002385998
393 0.0002166836
394 0.0002057284
395 0.0001491573
396 0.0001283310
397 0.0002691247
398 0.0002915349
399 0.0001854146
400 0.0003024329
401 0.0002143978
402 0.0001010322
403 0.0001756041
404 0.0002083535
405 0.0002859929
406 0.0001563235
407 0.0003060916
408 0.0001654681
409 0.0001696512
410 0.0000982744
411 0.0003018595
412 0.0001369581
413 0.0002515087
414 0.0000968645
415 0.0000872077
416 0.0001913820
417 0.0002003833
418 0.0001798687
419 0.0002297074
420 0.0001666439
421 0.0002370669
422 0.0001829431
423 0.0003180947
424 0.0001287396
425 0.0001411526
426 0.0002182237
427 0.0002351055
428 0.0002216491
429 0.0001299974
430 0.0001471675
431 0.0000976724
432 0.0001352871
433 0.0002142661
434 0.0002117633
435 0.0001823813
436 0.0001367403
437 0.0002077182
438 0.0002687779
439 0.0001699976
440 0.0001922478
441 0.0001776259
442 0.0002559338
443 0.0001872006
444 0.0001892420
445 0.0001372084
446 0.0002116507
447 0.0001539034
448 0.0002995779
449 0.0002251025
450 0.0001473038
451 0.0001282016
452 0.0001984541
453 0.0001360004
454 0.0001383406
455 0.0002180587
456 0.0002977087
457 0.0002589699
458 0.0002126669
459 0.0001584135
460 0.0001690872
461 0.0001597687
462 0.0001727914
463 0.0000966140
464 0.0001935822
465 0.0001789671
466 0.0002089381
467 0.0002552329
468 0.0001681282
469 0.0002066625
470 0.0001880616
471 0.0002322659
472 0.0001940751
473 0.0001209658
474 0.0003097342
475 0.0002562582
476 0.0001831695
477 0.0002582148
478 0.0002588478
479 0.0001091728
480 0.0001716692
481 0.0000898575
482 0.0001476753
483 0.0002077708
484 0.0001770131
485 0.0001569796
486 0.0001531357
487 0.0001222043
488 0.0002141360
489 0.0001311025
490 0.0002320740
491 0.0001618280
492 0.0001751390
493 0.0001612744
494 0.0001977506
495 0.0001461993
496 0.0001710875
497 0.0002865415
498 0.0002449777
499 0.0001857811
500 0.0002213436
501 0.0002269715
502 0.0002389181
503 0.0001469296
504 0.0001906076
505 0.0001847626
506 0.0001213401
507 0.0001992156
508 0.0001085057
509 0.0001950192
510 0.0002095678
511 0.0001574978
512 0.0002811595
513 0.0001362561
514 0.0002609702
515 0.0002155737
516 0.0002127413
517 0.0002805817
518 0.0002594784
519 0.0001951372
520 0.0002247361
521 0.0002090868
522 0.0002714441
523 0.0002033026
524 0.0002723437
525 0.0001158011
526 0.0002972560
527 0.0002626431
528 0.0002014586
529 0.0002532673
530 0.0002172174
531 0.0002366420
532 0.0002801649
533 0.0002475842
534 0.0002549688
535 0.0001631918
536 0.0001891795
537 0.0002535564
538 0.0000631184
539 0.0001937845
540 0.0003075124
541 0.0000622037
542 0.0001293516
543 0.0001735985
544 0.0001569584
545 0.0001611512
546 0.0001549993
547 0.0001843223
548 0.0002460330
549 0.0001395421
550 0.0002241567
551 0.0001907649
552 0.0003077850
553 0.0002511985
554 0.0001987493
555 0.0002580903
556 0.0001047226
557 0.0002574721
558 0.0001535057
559 0.0001796999
560 0.0001565206
561 0.0002500245
562 0.0001829238
563 0.0002562319
564 0.0001987115
565 0.0002007483
566 0.0003081933
567 0.0002535224
568 0.0001818383
569 0.0001491715
570 0.0001367159
571 0.0002397008
572 0.0001838349
573 0.0003046666
574 0.0001596709
575 0.0001499704
576 0.0002669955
577 0.0002218106
578 0.0001818975
579 0.0002379042
580 0.0002147344
581 0.0001879328
582 0.0002337696
583 0.0001683170
584 0.0002443678
585 0.0001686961
586 0.0000949584
587 0.0002310463
588 0.0001859401
589 0.0002044405
590 0.0001598112
591 0.0002065872
592 0.0001848927
593 0.0001803647
594 0.0001811311
595 0.0002245885
596 0.0001866566
597 0.0001381920
598 0.0001452364
599 0.0002720827
600 0.0001731540
601 0.0003520897
602 0.0001518459
603 0.0001545556
604 0.0000915769
605 0.0001390545
606 0.0002101821
607 0.0002431433
608 0.0001920181
609 0.0001245020
610 0.0002357039
611 0.0001799941
612 0.0001479314
613 0.0001960356
614 0.0002042062
615 0.0001143568
616 0.0003035009
617 0.0001450362
618 0.0001117078
619 0.0001125907
620 0.0001730960
621 0.0002045878
622 0.0002007450
623 0.0002145388
624 0.0001875849
625 0.0001899490
626 0.0001971878
627 0.0001777253
628 0.0002336702
629 0.0002053718
630 0.0002359618
631 0.0002018502
632 0.0002155837
633 0.0002317799
634 0.0001500973
635 0.0002691216
636 0.0002389294
637 0.0002852243
638 0.0002056234
639 0.0001822728
640 0.0002314209
641 0.0002667302
642 0.0002735638
643 0.0001507057
644 0.0002077298
645 0.0002480245
646 0.0000932112
647 0.0001566269
648 0.0001601094
649 0.0002150158
650 0.0001845491
651 0.0002104102
652 0.0002059411
653 0.0002754906
654 0.0002007409
655 0.0002188330
656 0.0002107921
657 0.0001973819
658 0.0001854374
659 0.0001900181
660 0.0001593843
661 0.0001883975
662 0.0002543504
663 0.0002279474
664 0.0001602233
665 0.0001999390
666 0.0003086140
667 0.0001981199
668 0.0001312632
669 0.0002218168
670 0.0001523285
671 0.0001295904
672 0.0002107598
673 0.0001994269
674 0.0001592639
675 0.0001590535
676 0.0003042574
677 0.0002216038
678 0.0002498390
679 0.0001380268
680 0.0001095404
681 0.0002773317
682 0.0001080937
683 0.0002224681
684 0.0002907722
685 0.0002425715
686 0.0001557154
687 0.0001862211
688 0.0001920005
689 0.0001917020
690 0.0001497141
691 0.0002789777
692 0.0001321160
693 0.0001903064
694 0.0002438162
695 0.0002067785
696 0.0002417065
697 0.0002041072
698 0.0002863891
699 0.0000792226
700 0.0002301422
701 0.0001552452
702 0.0001630311
703 0.0001998889
704 0.0002798210
705 0.0002837363
706 0.0001992834
707 0.0000900321
708 0.0001498336
709 0.0001751580
710 0.0002129575
711 0.0001145029
712 0.0001760742
713 0.0001440519
714 0.0002630634
715 0.0002502211
716 0.0001358225
717 0.0001619173
718 0.0001763252
719 0.0001841777
720 0.0002059877
721 0.0002170369
722 0.0001418135
723 0.0001153654
724 0.0002022709
725 0.0002542952
726 0.0001939530
727 0.0002246990
728 0.0002336203
729 0.0001367352
730 0.0001392312
731 0.0001577958
732 0.0001389698
733 0.0001934719
734 0.0002726936
735 0.0002105866
736 0.0002106028
737 0.0002209974
738 0.0002107549
739 0.0001346075
740 0.0002296164
741 0.0001832110
742 0.0001679576
743 0.0002588822
744 0.0001769245
745 0.0002095571
746 0.0002190998
747 0.0001592416
748 0.0001606998
749 0.0002083747
750 0.0001319563
751 0.0001571002
752 0.0001664110
753 0.0002376988
754 0.0001013477
755 0.0001692648
756 0.0001330004
757 0.0001991889
758 0.0002120790
759 0.0001840893
760 0.0001770562
761 0.0001294692
762 0.0001801234
763 0.0002155377
764 0.0001940189
765 0.0001664704
766 0.0001050552
767 0.0001101114
768 0.0002634685
769 0.0003230199
770 0.0001433152
771 0.0001228307
772 0.0002652597
773 0.0001326878
774 0.0002653729
775 0.0001531366
776 0.0001702995
777 0.0002026567
778 0.0001805786
779 0.0002428917
780 0.0002308573
781 0.0002506140
782 0.0001473680
783 0.0002008245
784 0.0001862543
785 0.0000977984
786 0.0002506385
787 0.0001406322
788 0.0002038651
789 0.0001672563
790 0.0001385742
791 0.0002285167
792 0.0002111136
793 0.0002184002
794 0.0002467097
795 0.0001717772
796 0.0002231763
797 0.0001647855
798 0.0002140710
799 0.0001855843
800 0.0001753086
801 0.0003153892
802 0.0002007720
803 0.0001807288
804 0.0001966531
805 0.0001807489
806 0.0001536027
807 0.0001464318
808 0.0003409767
809 0.0002187606
810 0.0001833869
811 0.0001700059
812 0.0002226011
813 0.0002554529
814 0.0002159016
815 0.0002184546
816 0.0001885941
817 0.0001891162
818 0.0002989206
819 0.0001669610
820 0.0001935202
821 0.0003119796
822 0.0001146508
823 0.0002681381
824 0.0001884966
825 0.0000991872
826 0.0001947814
827 0.0002764671
828 0.0001536857
829 0.0001713192
830 0.0001644102
831 0.0002177769
832 0.0001579893
833 0.0001839910
834 0.0002365832
835 0.0002621384
836 0.0001276457
837 0.0001820094
838 0.0001411677
839 0.0001560906
840 0.0001811563
841 0.0002144360
842 0.0002249531
843 0.0001927825
844 0.0002298036
845 0.0002087551
846 0.0001644436
847 0.0002123011
848 0.0002568787
849 0.0002189812
850 0.0001637644
851 0.0001802295
852 0.0002101034
853 0.0002444775
854 0.0001843397
855 0.0001909988
856 0.0001407682
857 0.0001642196
858 0.0002489300
859 0.0002582796
860 0.0002103560
861 0.0002162139
862 0.0001860792
863 0.0002337717
864 0.0001649568
865 0.0001227657
866 0.0002164046
867 0.0001768236
868 0.0001283603
869 0.0002093157
870 0.0002426612
871 0.0001379766
872 0.0001948933
873 0.0002502188
874 0.0001918537
875 0.0001761969
876 0.0002813981
877 0.0000998940
878 0.0001845829
879 0.0001460391
880 0.0002405731
881 0.0000704466
882 0.0001384251
883 0.0001393032
884 0.0001431777
885 0.0003632562
886 0.0001817143
887 0.0001755259
888 0.0002518298
889 0.0001501385
890 0.0001842684
891 0.0002428856
892 0.0001966786
893 0.0002951549
894 0.0001601821
895 0.0001395174
896 0.0001996126
897 0.0002574450
898 0.0002499793
899 0.0000936900
900 0.0001656807
901 0.0002249454
902 0.0001576464
903 0.0002354401
904 0.0002516720
905 0.0002442202
906 0.0002999816
907 0.0001721429
908 0.0001896829
909 0.0001657362
910 0.0001154079
911 0.0001533806
912 0.0001775808
913 0.0002627248
914 0.0003129597
915 0.0001239985
916 0.0001219458
917 0.0003188286
918 0.0001534277
919 0.0001838798
920 0.0001803149
921 0.0002269444
922 0.0002606160
923 0.0001622415
924 0.0001492333
925 0.0002368221
926 0.0002494794
927 0.0001544031
928 0.0001517831
929 0.0001608345
930 0.0001762502
931 0.0002447320
932 0.0003587159
933 0.0002956283
934 0.0002382196
935 0.0002367804
936 0.0001255134
937 0.0001734812
938 0.0000737215
939 0.0002426185
940 0.0002903932
941 0.0002020355
942 0.0001253500
943 0.0001981618
944 0.0001365474
945 0.0002066500
946 0.0002676862
947 0.0001954205
948 0.0001319685
949 0.0001994712
950 0.0002456908
951 0.0002420286
952 0.0001239475
953 0.0002674399
954 0.0001923868
955 0.0002350095
956 0.0002029967
957 0.0002022232
958 0.0002162195
959 0.0001913973
960 0.0002657266
961 0.0002180764
962 0.0003088606
963 0.0001317142
964 0.0001605028
965 0.0002343644
966 0.0001919796
967 0.0001575780
968 0.0001984931
969 0.0001530877
970 0.0001673022
971 0.0002185236
972 0.0002285590
973 0.0002401856
974 0.0002308610
975 0.0002477017
976 0.0001625045
977 0.0001209416
978 0.0003347882
979 0.0002400163
980 0.0001688591
981 0.0001552501
982 0.0002524890
983 0.0002363915
984 0.0001562389
985 0.0001284101
986 0.0001578982
987 0.0002630127
988 0.0001904678
989 0.0001385355
990 0.0002158135
991 0.0000836586
992 0.0002297410
993 0.0001336819
994 0.0002555089
995 0.0001892163
996 0.0002402428
997 0.0001958251
998 0.0002089944
999 0.0001495545
1000 0.0001644716
1001 0.0002264757
1002 0.0002186676
1003 0.0002843605
1004 0.0001720359
1005 0.0001524105
1006 0.0001570598
1007 0.0002519439
1008 0.0002406128
1009 0.0002232002
1010 0.0001708001
1011 0.0001865516
1012 0.0001073434
1013 0.0001537107
1014 0.0001958288
1015 0.0001332429
1016 0.0000988476
1017 0.0002537177
1018 0.0002942991
1019 0.0001546509
1020 0.0001719042
1021 0.0001597129
1022 0.0003138941
1023 0.0001804724
1024 0.0002527392
1025 0.0002647275
1026 0.0002112763
1027 0.0001137068
1028 0.0001675936
1029 0.0001572887
1030 0.0002347236
1031 0.0001871824
1032 0.0002187714
1033 0.0002056802
1034 0.0002520379
1035 0.0001667022
1036 0.0002060971
1037 0.0001379402
1038 0.0001713232
1039 0.0001847770
1040 0.0001894560
1041 0.0002926219
1042 0.0001383118
1043 0.0001186058
1044 0.0001738605
1045 0.0002670592
1046 0.0001878065
1047 0.0002386825
1048 0.0001540895
1049 0.0002194261
1050 0.0002342440
1051 0.0001666936
1052 0.0002217250
1053 0.0002396644
1054 0.0001793659
1055 0.0002017361
1056 0.0001757289
1057 0.0002550063
1058 0.0002068673
1059 0.0001621646
1060 0.0002219161
1061 0.0001301188
1062 0.0000679020
1063 0.0001773753
1064 0.0001842072
1065 0.0002183838
1066 0.0002157748
1067 0.0002675310
1068 0.0001404598
1069 0.0001651579
1070 0.0001562448
1071 0.0001614845
1072 0.0001954935
1073 0.0002915698
1074 0.0002203826
1075 0.0001441341
1076 0.0002595868
1077 0.0002536411
1078 0.0002164057
1079 0.0001707980
1080 0.0001790688
1081 0.0001697922
1082 0.0001538924
1083 0.0001409847
1084 0.0001468856
1085 0.0001391645
1086 0.0001471435
1087 0.0001887623
1088 0.0002605002
1089 0.0001788523
1090 0.0001390644
1091 0.0001812200
1092 0.0001995976
1093 0.0002026937
1094 0.0001801674
1095 0.0002810166
1096 0.0001900811
1097 0.0000979098
1098 0.0002310004
1099 0.0002517219
1100 0.0002789210
1101 0.0002551275
1102 0.0001787391
1103 0.0002514299
1104 0.0001480301
1105 0.0001843794
1106 0.0002389707
1107 0.0002352784
1108 0.0001343685
1109 0.0000963952
1110 0.0001805695
1111 0.0001941717
1112 0.0001359182
1113 0.0002015628
1114 0.0001799097
1115 0.0001618343
1116 0.0002352989
1117 0.0001488852
1118 0.0002629531
1119 0.0002368966
1120 0.0001250114
1121 0.0002467920
1122 0.0002130912
1123 0.0002357514
1124 0.0001847062
1125 0.0001743723
1126 0.0002663533
1127 0.0001620505
1128 0.0001676650
1129 0.0001657705
1130 0.0001822692
1131 0.0001936116
1132 0.0001621233
1133 0.0002408571
1134 0.0001487103
1135 0.0002140532
1136 0.0002042826
1137 0.0002211897
1138 0.0001955693
1139 0.0001377796
1140 0.0002246108
1141 0.0001415862
1142 0.0002328798
1143 0.0001480631
1144 0.0001866877
1145 0.0001121808
1146 0.0001868486
1147 0.0001142061
1148 0.0001238544
1149 0.0002832265
1150 0.0002341253
1151 0.0002096694
1152 0.0001865996
1153 0.0002561885
1154 0.0002379602
1155 0.0003091753
1156 0.0001881565
1157 0.0002081574
1158 0.0001316429
1159 0.0001888794
1160 0.0002174744
1161 0.0002567683
1162 0.0001941188
1163 0.0002396575
1164 0.0002559552
1165 0.0002193491
1166 0.0002423681
1167 0.0001452846
1168 0.0001691186
1169 0.0001354202
1170 0.0002366011
1171 0.0001832847
1172 0.0001779498
1173 0.0001831559
1174 0.0002283759
1175 0.0002100521
1176 0.0001738541
1177 0.0002148319
1178 0.0001948291
1179 0.0001989343
1180 0.0001199503
1181 0.0001233831
1182 0.0001220050
1183 0.0002419339
1184 0.0002893434
1185 0.0001992217
1186 0.0001757917
1187 0.0002741695
1188 0.0002002163
1189 0.0000854510
1190 0.0001762389
1191 0.0002032364
1192 0.0001034037
1193 0.0003025771
1194 0.0001782151
1195 0.0002615744
1196 0.0001511415
1197 0.0001589937
1198 0.0001621557
1199 0.0001617891
1200 0.0001740987
1201 0.0002668106
1202 0.0001645128
1203 0.0002417408
1204 0.0001641912
1205 0.0001761792
1206 0.0001581379
1207 0.0001751448
1208 0.0002041122
1209 0.0003209224
1210 0.0002385347
1211 0.0002172803
1212 0.0002216074
1213 0.0001548303
1214 0.0001835316
1215 0.0001598529
1216 0.0002046787
1217 0.0002589374
1218 0.0002128121
1219 0.0001746505
1220 0.0002457153
1221 0.0002417804
1222 0.0000960897
1223 0.0002712023
1224 0.0001837368
1225 0.0001847239
1226 0.0001915980
1227 0.0001500645
1228 0.0000834111
1229 0.0002844459
1230 0.0001652859
1231 0.0002210443
1232 0.0001943068
1233 0.0001958242
1234 0.0002613259
1235 0.0002126305
1236 0.0002565563
1237 0.0002097933
1238 0.0002394368
1239 0.0001655043
1240 0.0000494102
1241 0.0001587348
1242 0.0002119922
1243 0.0002671340
1244 0.0001717835
1245 0.0001355067
1246 0.0001393647
1247 0.0001855724
1248 0.0002025055
1249 0.0002514029
1250 0.0001107624
1251 0.0002041517
1252 0.0002820969
1253 0.0001859599
1254 0.0002377493
1255 0.0002161708
1256 0.0001179300
1257 0.0001322438
1258 0.0001873655
1259 0.0001478144
1260 0.0002228048
1261 0.0003853281
1262 0.0002893642
1263 0.0002055070
1264 0.0003293843
1265 0.0001838368
1266 0.0002848203
1267 0.0001939943
1268 0.0002886451
1269 0.0002355558
1270 0.0001960306
1271 0.0002909737
1272 0.0001530705
1273 0.0002425463
1274 0.0001562495
1275 0.0002457085
1276 0.0001980228
1277 0.0001187342
1278 0.0001556629
1279 0.0001773759
1280 0.0002068872
1281 0.0001660603
1282 0.0002897396
1283 0.0002527935
1284 0.0003165023
1285 0.0002528199
1286 0.0001100544
1287 0.0001802581
1288 0.0002312453
1289 0.0002057634
1290 0.0001429700
1291 0.0001452775
1292 0.0001972076
1293 0.0002296192
1294 0.0001789765
1295 0.0002054438
1296 0.0002795249
1297 0.0001532536
1298 0.0001799602
1299 0.0001397289
1300 0.0001290472
1301 0.0001714062
1302 0.0001709085
1303 0.0002414552
1304 0.0001546238
1305 0.0001632146
1306 0.0002243992
1307 0.0000697746
1308 0.0001892100
1309 0.0001338909
1310 0.0001360905
1311 0.0002106157
1312 0.0003032450
1313 0.0001893098
1314 0.0001064510
1315 0.0002184309
1316 0.0001173979
1317 0.0002562784
1318 0.0001612636
1319 0.0001329467
1320 0.0001675751
1321 0.0001184812
1322 0.0002610846
1323 0.0001870384
1324 0.0001851646
1325 0.0002558070
1326 0.0003433151
1327 0.0002020026
1328 0.0001851401
1329 0.0001712789
1330 0.0002131605
1331 0.0002309480
1332 0.0001590160
1333 0.0001748467
1334 0.0001249072
1335 0.0001332800
1336 0.0001760144
1337 0.0002478963
1338 0.0001962164
1339 0.0001354441
1340 0.0002012256
1341 0.0002343781
1342 0.0002554914
1343 0.0003006579
1344 0.0002065346
1345 0.0001896701
1346 0.0002989110
1347 0.0002069835
1348 0.0001838019
1349 0.0001262962
1350 0.0001676193
1351 0.0001360855
1352 0.0001555443
1353 0.0002040015
1354 0.0002840425
1355 0.0001668844
1356 0.0002304223
1357 0.0003350991
1358 0.0003302514
1359 0.0002867407
1360 0.0001195637
1361 0.0002586743
1362 0.0002021150
1363 0.0001915436
1364 0.0002021747
1365 0.0001772354
1366 0.0002550503
1367 0.0001352128
1368 0.0002084808
1369 0.0002088126
1370 0.0002709138
1371 0.0001914197
1372 0.0001632352
1373 0.0002771252
1374 0.0001998399
1375 0.0002764111
1376 0.0001980179
1377 0.0002073736
1378 0.0002030141
1379 0.0001526657
1380 0.0001897513
1381 0.0001772682
1382 0.0001163449
1383 0.0001243817
1384 0.0002733507
1385 0.0001592942
1386 0.0002315779
1387 0.0002228426
1388 0.0001621617
1389 0.0002306034
1390 0.0002010786
1391 0.0001234639
1392 0.0002296270
1393 0.0002456493
1394 0.0002559391
1395 0.0001806767
1396 0.0002279783
1397 0.0001793763
1398 0.0001995147
1399 0.0001290330
1400 0.0001020135
1401 0.0001124621
1402 0.0002024263
1403 0.0001669640
1404 0.0002535721
1405 0.0001895255
1406 0.0001980863
1407 0.0001785090
1408 0.0003212836
1409 0.0002352405
1410 0.0002121445
1411 0.0002250010
1412 0.0002728475
1413 0.0001520138
1414 0.0001484609
1415 0.0000893026
1416 0.0002597651
1417 0.0001606996
1418 0.0001141879
1419 0.0001646191
1420 0.0002219221
1421 0.0001408158
1422 0.0002136264
1423 0.0002190768
1424 0.0002600797
1425 0.0001994503
1426 0.0001348635
1427 0.0001844159
1428 0.0002858774
1429 0.0002192343
1430 0.0001909777
1431 0.0001848603
1432 0.0001553951
1433 0.0001784354
1434 0.0001733731
1435 0.0002277653
1436 0.0002237598
1437 0.0001721469
1438 0.0001122467
1439 0.0002749156
1440 0.0001788067
1441 0.0001452422
1442 0.0001092433
1443 0.0001262184
1444 0.0004068890
1445 0.0001803444
1446 0.0001915896
1447 0.0002142605
1448 0.0001982729
1449 0.0002055605
1450 0.0001426645
1451 0.0002145765
1452 0.0001791681
1453 0.0002591392
1454 0.0001995703
1455 0.0001233795
1456 0.0002354864
1457 0.0003776379
1458 0.0001998817
1459 0.0001723497
1460 0.0001232701
1461 0.0002386129
1462 0.0002579249
1463 0.0001876301
1464 0.0002282358
1465 0.0001288288
1466 0.0002278938
1467 0.0001864730
1468 0.0001564245
1469 0.0002057234
1470 0.0001396259
1471 0.0001363600
1472 0.0002131546
1473 0.0001797435
1474 0.0002154993
1475 0.0001652502
1476 0.0002998928
1477 0.0001965113
1478 0.0003093173
1479 0.0002531617
1480 0.0002381178
1481 0.0002601684
1482 0.0002184324
1483 0.0001919334
1484 0.0001694950
1485 0.0002285756
1486 0.0002377788
1487 0.0002039765
1488 0.0002267675
1489 0.0002667337
1490 0.0002581902
1491 0.0001661995
1492 0.0001613709
1493 0.0001555009
1494 0.0002113335
1495 0.0001708967
1496 0.0001845344
1497 0.0001903980
1498 0.0001089620
1499 0.0002608658
1500 0.0001524093
1501 0.0001646426
1502 0.0002225414
1503 0.0001686362
1504 0.0002060073
1505 0.0001475502
1506 0.0001561201
1507 0.0001532574
1508 0.0001574991
1509 0.0001841167
1510 0.0001930503
1511 0.0002071534
1512 0.0002033458
1513 0.0003133810
1514 0.0002045821
1515 0.0001194133
1516 0.0002670910
1517 0.0001656029
1518 0.0001907628
1519 0.0001873687
1520 0.0002391253
1521 0.0002100147
1522 0.0001452385
1523 0.0002530871
1524 0.0002055646
1525 0.0002157852
1526 0.0002070840
1527 0.0002199692
1528 0.0002721441
1529 0.0001574672
1530 0.0002290670
1531 0.0002354729
1532 0.0001913814
1533 0.0001546317
1534 0.0001396002
1535 0.0001382313
1536 0.0002045256
1537 0.0001188822
1538 0.0003157578
1539 0.0001198039
1540 0.0001021652
1541 0.0001814589
1542 0.0000985811
1543 0.0001226899
1544 0.0002081774
1545 0.0001323967
1546 0.0002393741
1547 0.0002255209
1548 0.0004072715
1549 0.0002121651
1550 0.0002089207
1551 0.0002790132
1552 0.0001003316
1553 0.0001899672
1554 0.0001719499
1555 0.0002712077
1556 0.0002283640
1557 0.0001988091
1558 0.0001875721
1559 0.0002550313
1560 0.0002653962
1561 0.0001524601
1562 0.0002019979
1563 0.0001581196
1564 0.0002666423
1565 0.0002039800
1566 0.0002040817
1567 0.0001193477
1568 0.0001807899
1569 0.0001260723
1570 0.0002379738
1571 0.0001330623
1572 0.0003341714
1573 0.0001417174
1574 0.0002720144
1575 0.0002674124
1576 0.0002319686
1577 0.0001710949
1578 0.0002443982
1579 0.0001141474
1580 0.0002321145
1581 0.0001255199
1582 0.0003200604
1583 0.0002009895
1584 0.0002675997
1585 0.0001482126
1586 0.0001643526
1587 0.0001977345
1588 0.0001458661
1589 0.0001681313
1590 0.0003257604
1591 0.0002566809
1592 0.0001137730
1593 0.0001755265
1594 0.0001629244
1595 0.0002508810
1596 0.0002062423
1597 0.0001170287
1598 0.0002278792
1599 0.0001412922
1600 0.0002794691
1601 0.0001438429
1602 0.0002408594
1603 0.0002531887
1604 0.0001771111
1605 0.0002349327
1606 0.0001612069
1607 0.0002321271
1608 0.0001486869
1609 0.0001603366
1610 0.0002092142
1611 0.0002057039
1612 0.0002728925
1613 0.0001503728
1614 0.0002072886
1615 0.0002282775
1616 0.0002226302
1617 0.0001789615
1618 0.0001934172
1619 0.0003168184
1620 0.0001162301
1621 0.0002249801
1622 0.0002820206
1623 0.0003333035
1624 0.0001496887
1625 0.0001683215
1626 0.0002243010
1627 0.0001888064
1628 0.0002405854
1629 0.0002636857
1630 0.0001759067
1631 0.0001785296
1632 0.0001978896
1633 0.0003018378
1634 0.0002250829
1635 0.0001445446
1636 0.0002098682
1637 0.0001869479
1638 0.0001455842
1639 0.0001435947
1640 0.0001767325
1641 0.0002438410
1642 0.0001304308
1643 0.0002076377
1644 0.0001521913
1645 0.0002732356
1646 0.0002409523
1647 0.0001118415
1648 0.0001394338
1649 0.0001892395
1650 0.0001387940
1651 0.0003674555
1652 0.0001038871
1653 0.0002019644
1654 0.0002606055
1655 0.0001928694
1656 0.0002108754
1657 0.0001294640
1658 0.0001098373
1659 0.0001570965
1660 0.0002414009
1661 0.0002278012
1662 0.0001384394
1663 0.0002438808
1664 0.0001508945
1665 0.0002596080
1666 0.0001871028
1667 0.0002605051
1668 0.0002102227
1669 0.0001491847
1670 0.0002424109
1671 0.0001648430
1672 0.0002010417
1673 0.0001891546
1674 0.0001586110
1675 0.0002005224
1676 0.0001826396
1677 0.0002000165
1678 0.0002232678
1679 0.0002656448
1680 0.0002041130
1681 0.0001978739
1682 0.0001198901
1683 0.0001603170
1684 0.0003471135
1685 0.0001680569
1686 0.0003740215
1687 0.0002280142
1688 0.0001936766
1689 0.0002676266
1690 0.0002140086
1691 0.0001446971
1692 0.0002672581
1693 0.0001782836
1694 0.0002231691
1695 0.0002036976
1696 0.0001948819
1697 0.0002203702
1698 0.0002015107
1699 0.0001082150
1700 0.0001263612
1701 0.0002791009
1702 0.0001587077
1703 0.0001467368
1704 0.0002643027
1705 0.0002418204
1706 0.0001303517
1707 0.0002038837
1708 0.0002637059
1709 0.0003310027
1710 0.0002524142
1711 0.0001828317
1712 0.0002358488
1713 0.0001609737
1714 0.0002681882
1715 0.0002312649
1716 0.0001813726
1717 0.0001745752
1718 0.0001146814
1719 0.0002337284
1720 0.0001521191
1721 0.0001168510
1722 0.0002351636
1723 0.0001587861
1724 0.0002180786
1725 0.0002056330
1726 0.0002336362
1727 0.0001822340
1728 0.0001720181
1729 0.0002225268
1730 0.0002268215
1731 0.0001879692
1732 0.0002265843
1733 0.0001195578
1734 0.0002194239
1735 0.0001715922
1736 0.0001565584
1737 0.0002428139
1738 0.0002731860
1739 0.0001368731
1740 0.0002777808
1741 0.0001476661
1742 0.0001845038
1743 0.0002212795
1744 0.0001865144
1745 0.0002103925
1746 0.0001200734
1747 0.0001861017
1748 0.0001839080
1749 0.0003159499
1750 0.0002180525
1751 0.0001918803
1752 0.0001587782
1753 0.0002548982
1754 0.0001650076
1755 0.0000942386
1756 0.0002398362
1757 0.0001560629
1758 0.0001194641
1759 0.0001346737
1760 0.0001113442
1761 0.0001184479
1762 0.0003064008
1763 0.0001485201
1764 0.0001602615
1765 0.0002182958
1766 0.0001263525
1767 0.0002287091
1768 0.0002012937
1769 0.0002535304
1770 0.0002194859
1771 0.0001867854
1772 0.0001491259
1773 0.0002363509
1774 0.0003217704
1775 0.0001874904
1776 0.0002738177
1777 0.0002198096
1778 0.0001746201
1779 0.0002153714
1780 0.0002499760
1781 0.0003102543
1782 0.0002351411
1783 0.0002473175
1784 0.0002022355
1785 0.0001452803
1786 0.0001422044
1787 0.0001482417
1788 0.0001843116
1789 0.0001626859
1790 0.0001865323
1791 0.0001691945
1792 0.0001695971
1793 0.0002682367
1794 0.0002079847
1795 0.0002466603
1796 0.0001683481
1797 0.0001876653
1798 0.0001295425
1799 0.0002222913
1800 0.0002125269
1801 0.0001882188
1802 0.0001900172
1803 0.0001452898
1804 0.0002286409
1805 0.0001879374
1806 0.0001897493
1807 0.0003118109
1808 0.0002927404
1809 0.0001114971
1810 0.0001173957
1811 0.0002090660
1812 0.0002260659
1813 0.0001820861
1814 0.0001774410
1815 0.0002386694
1816 0.0003122826
1817 0.0000981632
1818 0.0002004745
1819 0.0001994774
1820 0.0002099941
1821 0.0002372983
1822 0.0002004207
1823 0.0001643628
1824 0.0001953493
1825 0.0002474779
1826 0.0002606407
1827 0.0001658832
1828 0.0001253145
1829 0.0001376531
1830 0.0001766316
1831 0.0001925140
1832 0.0002333808
1833 0.0002033765
1834 0.0002600203
1835 0.0002111472
1836 0.0001884754
1837 0.0001167118
1838 0.0002223850
1839 0.0001918827
1840 0.0001496118
1841 0.0002169121
1842 0.0001865903
1843 0.0001621671
1844 0.0001793429
1845 0.0001368698
1846 0.0001950213
1847 0.0000923918
1848 0.0002028343
1849 0.0001909037
1850 0.0001951533
1851 0.0001653189
1852 0.0000781587
1853 0.0001351330
1854 0.0001677775
1855 0.0002623564
1856 0.0001874658
1857 0.0003131610
1858 0.0001713297
1859 0.0002527453
1860 0.0002001622
1861 0.0002322532
1862 0.0002035242
1863 0.0001720216
1864 0.0001779288
1865 0.0000845846
1866 0.0002703954
1867 0.0002922028
1868 0.0002590586
1869 0.0001727123
1870 0.0001259049
1871 0.0001947553
1872 0.0002766867
1873 0.0002086684
1874 0.0002361368
1875 0.0001734458
1876 0.0002555565
1877 0.0001967955
1878 0.0001506424
1879 0.0002166576
1880 0.0001921372
1881 0.0001569069
1882 0.0001192407
1883 0.0001962339
1884 0.0002845265
1885 0.0001694061
1886 0.0002570717
1887 0.0000813936
1888 0.0001487544
1889 0.0002194696
1890 0.0002159762
1891 0.0001781071
1892 0.0001231391
1893 0.0002400156
1894 0.0001879735
1895 0.0002095351
1896 0.0002145234
1897 0.0001419186
1898 0.0002041253
1899 0.0002393999
1900 0.0001453385
1901 0.0001099254
1902 0.0002031912
1903 0.0002557562
1904 0.0001571619
1905 0.0001941341
1906 0.0001702542
1907 0.0002110377
1908 0.0001648381
1909 0.0001982810
1910 0.0001708754
1911 0.0001619499
1912 0.0002525466
1913 0.0002012438
1914 0.0002409519
1915 0.0002693498
1916 0.0001701192
1917 0.0001990554
1918 0.0001753722
1919 0.0002051953
1920 0.0002525478
1921 0.0002149889
1922 0.0001793237
1923 0.0001004922
1924 0.0001836848
1925 0.0002562025
1926 0.0001045712
1927 0.0002412717
1928 0.0001560546
1929 0.0001821863
1930 0.0002108423
1931 0.0001550726
1932 0.0003000240
1933 0.0002416628
1934 0.0001617333
1935 0.0002431783
1936 0.0002785467
1937 0.0001692110
1938 0.0001926823
1939 0.0003199122
1940 0.0002517423
1941 0.0001795928
1942 0.0001715332
1943 0.0002019499
1944 0.0001263406
1945 0.0001153067
1946 0.0002204131
1947 0.0002084180
1948 0.0001486837
1949 0.0000772375
1950 0.0002071804
1951 0.0002191861
1952 0.0001924488
1953 0.0002013110
1954 0.0001401109
1955 0.0001526990
1956 0.0002027218
1957 0.0001672221
1958 0.0001925336
1959 0.0002562556
1960 0.0002257210
1961 0.0001847230
1962 0.0002360289
1963 0.0001630639
1964 0.0002556090
1965 0.0001702196
1966 0.0002085023
1967 0.0002243301
1968 0.0002293511
1969 0.0001556562
1970 0.0002744873
1971 0.0001875370
1972 0.0002219214
1973 0.0001963002
1974 0.0002498779
1975 0.0003142451
1976 0.0001557784
1977 0.0002655025
1978 0.0002559477
1979 0.0001618361
1980 0.0001329610
1981 0.0002206579
1982 0.0001855184
1983 0.0002476182
1984 0.0002394242
1985 0.0001818023
1986 0.0002442916
1987 0.0002053120
1988 0.0002200293
1989 0.0002466321
1990 0.0001816502
1991 0.0002164599
1992 0.0003566034
1993 0.0001404599
1994 0.0002274632
1995 0.0002731024
1996 0.0002408169
1997 0.0001669287
1998 0.0001159702
1999 0.0002476384
2000 0.0001042896
2001 0.0002933028
2002 0.0001156827
2003 0.0002385696
2004 0.0002080215
2005 0.0001261097
2006 0.0002747731
2007 0.0002419999
2008 0.0002738325
2009 0.0002111508
2010 0.0002162047
2011 0.0002684414
2012 0.0001574860
2013 0.0002471303
2014 0.0002142629
2015 0.0001169329
2016 0.0001729173
2017 0.0001842050
2018 0.0001693188
2019 0.0001796704
2020 0.0002054689
2021 0.0003386163
2022 0.0002211733
2023 0.0001960485
2024 0.0002427424
2025 0.0002340862
2026 0.0002461436
2027 0.0001494761
2028 0.0001151344
2029 0.0001237226
2030 0.0002133087
2031 0.0002209072
2032 0.0001860486
2033 0.0002006888
2034 0.0002834012
2035 0.0002317806
2036 0.0001439560
2037 0.0001840508
2038 0.0002019517
2039 0.0002527842
2040 0.0002612724
2041 0.0001680653
2042 0.0002729469
2043 0.0002491177
2044 0.0001840168
2045 0.0002068162
2046 0.0002085313
2047 0.0003131957
2048 0.0001458836
2049 0.0002136054
2050 0.0001957047
2051 0.0003184634
2052 0.0002434279
2053 0.0002833861
2054 0.0002980686
2055 0.0003306337
2056 0.0003044705
2057 0.0001934204
2058 0.0001615691
2059 0.0001925549
2060 0.0001572459
2061 0.0001046835
2062 0.0000934277
2063 0.0002448801
2064 0.0001332576
2065 0.0001601627
2066 0.0001961885
2067 0.0002245350
2068 0.0002061705
2069 0.0001368715
2070 0.0002752915
2071 0.0002591279
2072 0.0002108040
2073 0.0002179270
2074 0.0002194731
2075 0.0001884694
2076 0.0001302063
2077 0.0001502962
2078 0.0003900247
2079 0.0002242701
2080 0.0002063312
2081 0.0002140073
2082 0.0001726875
2083 0.0002298366
2084 0.0001755179
2085 0.0001686793
2086 0.0001602125
2087 0.0001872283
2088 0.0002671134
2089 0.0003520826
2090 0.0000961240
2091 0.0002286997
2092 0.0001840357
2093 0.0001971283
2094 0.0002260419
2095 0.0002463803
2096 0.0002377113
2097 0.0001175618
2098 0.0002021297
2099 0.0002065590
2100 0.0001362028
2101 0.0001514900
2102 0.0001479414
2103 0.0001094238
2104 0.0000741071
2105 0.0001379122
2106 0.0001616815
2107 0.0001613963
2108 0.0002030158
2109 0.0001404366
2110 0.0001865593
2111 0.0001265092
2112 0.0001163301
2113 0.0001905601
2114 0.0001804231
2115 0.0002222285
2116 0.0001657220
2117 0.0002370420
2118 0.0001610207
2119 0.0002111766
2120 0.0001775648
2121 0.0002275281
2122 0.0002182990
2123 0.0002068630
2124 0.0001741333
2125 0.0001305727
2126 0.0001254929
2127 0.0003002117
2128 0.0001116487
2129 0.0001368816
2130 0.0003468120
2131 0.0001839723
2132 0.0001978744
2133 0.0001565684
2134 0.0002584322
2135 0.0002333327
2136 0.0001712495
2137 0.0004163403
2138 0.0001989851
2139 0.0001372511
2140 0.0002749341
2141 0.0001339374
2142 0.0001202978
2143 0.0002671415
2144 0.0003002333
2145 0.0001913088
2146 0.0002632198
2147 0.0001517485
2148 0.0002463712
2149 0.0002661840
2150 0.0001884950
2151 0.0002261732
2152 0.0001661967
2153 0.0002317577
2154 0.0002786225
2155 0.0002572660
2156 0.0001581011
2157 0.0001744040
2158 0.0002532949
2159 0.0002491777
2160 0.0002783621
2161 0.0002856352
2162 0.0002031432
2163 0.0003108295
2164 0.0001549488
2165 0.0002187894
2166 0.0002413616
2167 0.0001588097
2168 0.0003153882
2169 0.0002617873
2170 0.0001797552
2171 0.0002238521
2172 0.0001685359
2173 0.0001941290
2174 0.0001968552
2175 0.0000982495
2176 0.0002100946
2177 0.0001988961
2178 0.0002166261
2179 0.0001992587
2180 0.0001731632
2181 0.0003084481
2182 0.0001484529
2183 0.0001669486
2184 0.0001457746
2185 0.0002247114
2186 0.0002044243
2187 0.0001368882
2188 0.0002665938
2189 0.0001273665
2190 0.0002242468
2191 0.0001837080
2192 0.0002537894
2193 0.0002797896
2194 0.0001158782
2195 0.0003286361
2196 0.0001268552
2197 0.0001804707
2198 0.0001987159
2199 0.0001179352
2200 0.0003257505
2201 0.0002056259
2202 0.0002192532
2203 0.0002047298
2204 0.0001178612
2205 0.0002016595
2206 0.0002129190
2207 0.0001681880
2208 0.0000782192
2209 0.0001515995
2210 0.0002734031
2211 0.0002249400
2212 0.0001931685
2213 0.0001701278
2214 0.0001934995
2215 0.0001539001
2216 0.0002467312
2217 0.0001686146
2218 0.0002783171
2219 0.0002340943
2220 0.0003180139
2221 0.0002048018
2222 0.0001464499
2223 0.0001357667
2224 0.0001552620
2225 0.0001623922
2226 0.0001508162
2227 0.0002018624
2228 0.0002163473
2229 0.0002955296
2230 0.0001727888
2231 0.0002492488
2232 0.0001391837
2233 0.0002411681
2234 0.0001846549
2235 0.0001461633
2236 0.0002533335
2237 0.0002355755
2238 0.0000955178
2239 0.0001645206
2240 0.0001742143
2241 0.0001872371
2242 0.0001717639
2243 0.0002040327
2244 0.0001800858
2245 0.0003227158
2246 0.0001982037
2247 0.0002448036
2248 0.0002208495
2249 0.0002406777
2250 0.0002621257
2251 0.0002655982
2252 0.0002705397
2253 0.0002521760
2254 0.0001989975
2255 0.0001998998
2256 0.0002953926
2257 0.0001842682
2258 0.0001992094
2259 0.0001162009
2260 0.0003022443
2261 0.0002295331
2262 0.0002124225
2263 0.0001323112
2264 0.0001471669
2265 0.0001993777
2266 0.0002389633
2267 0.0001048255
2268 0.0001583774
2269 0.0002324284
2270 0.0001843912
2271 0.0002120656
2272 0.0002918501
2273 0.0000938864
2274 0.0002161502
2275 0.0002573696
2276 0.0002153986
2277 0.0001768058
2278 0.0003204072
2279 0.0002001933
2280 0.0001555468
2281 0.0002484351
2282 0.0001396752
2283 0.0001228519
2284 0.0001917548
2285 0.0001351347
2286 0.0001922385
2287 0.0002334584
2288 0.0002049380
2289 0.0002235025
2290 0.0001722151
2291 0.0002481833
2292 0.0002157143
2293 0.0002756174
2294 0.0002381057
2295 0.0001784397
2296 0.0003018000
2297 0.0001987554
2298 0.0003053388
2299 0.0002148132
2300 0.0002052427
2301 0.0001878045
2302 0.0001618387
2303 0.0002655131
2304 0.0001897844
2305 0.0001622699
2306 0.0000710499
2307 0.0001956909
2308 0.0001678561
2309 0.0002855934
2310 0.0002011608
2311 0.0001550492
2312 0.0002759706
2313 0.0001637719
2314 0.0001518329
2315 0.0001208537
2316 0.0002394102
2317 0.0001938723
2318 0.0002192906
2319 0.0003028177
2320 0.0001707769
2321 0.0002226990
2322 0.0002251416
2323 0.0001966400
2324 0.0001391854
2325 0.0001963111
2326 0.0001826725
2327 0.0001536366
2328 0.0001799828
2329 0.0002029057
2330 0.0002353055
2331 0.0002124963
2332 0.0000889152
2333 0.0002823442
2334 0.0001903793
2335 0.0000742861
2336 0.0002317403
2337 0.0001534343
2338 0.0001751890
2339 0.0002432329
2340 0.0002758980
2341 0.0002184469
2342 0.0002528120
2343 0.0003185361
2344 0.0000972416
2345 0.0002166575
2346 0.0002201773
2347 0.0002080216
2348 0.0002059737
2349 0.0002372573
2350 0.0000827166
2351 0.0003802210
2352 0.0002600700
2353 0.0001528773
2354 0.0001620866
2355 0.0002174326
2356 0.0002829178
2357 0.0002173151
2358 0.0002113805
2359 0.0001657429
2360 0.0002006938
2361 0.0001974867
2362 0.0001712676
2363 0.0001410952
2364 0.0002514375
2365 0.0001518053
2366 0.0001584684
2367 0.0002749957
2368 0.0001989493
2369 0.0001222134
2370 0.0002533283
2371 0.0002090665
2372 0.0001594961
2373 0.0001578468
2374 0.0000838967
2375 0.0002462731
2376 0.0002346361
2377 0.0002417585
2378 0.0001626140
2379 0.0001930024
2380 0.0001654477
2381 0.0001720164
2382 0.0002182376
2383 0.0002332370
2384 0.0002192084
2385 0.0002019695
2386 0.0001294912
2387 0.0001319076
2388 0.0000548267
2389 0.0001572456
2390 0.0001513465
2391 0.0001655962
2392 0.0001452835
2393 0.0001508296
2394 0.0000792818
2395 0.0001605596
2396 0.0001731647
2397 0.0002933542
2398 0.0002043146
2399 0.0001458688
2400 0.0002076245
2401 0.0002463412
2402 0.0001274049
2403 0.0001855928
2404 0.0002055255
2405 0.0002619898
2406 0.0002280412
2407 0.0002948429
2408 0.0001686543
2409 0.0002852058
2410 0.0001993150
2411 0.0002528957
2412 0.0001950708
2413 0.0001209948
2414 0.0002577929
2415 0.0001684690
2416 0.0002323158
2417 0.0002237976
2418 0.0002222552
2419 0.0001967142
2420 0.0002112194
2421 0.0002197594
2422 0.0001633253
2423 0.0001197533
2424 0.0001357682
2425 0.0001941807
2426 0.0002325050
2427 0.0001099057
2428 0.0001766775
2429 0.0001963961
2430 0.0002092116
2431 0.0001746997
2432 0.0001991990
2433 0.0001477872
2434 0.0001609984
2435 0.0001247357
2436 0.0001269072
2437 0.0002684705
2438 0.0001328754
2439 0.0003035473
2440 0.0002663503
2441 0.0001972094
2442 0.0002593039
2443 0.0001942462
2444 0.0001706080
2445 0.0001253941
2446 0.0003170730
2447 0.0001950194
2448 0.0002116420
2449 0.0001682293
2450 0.0001604487
2451 0.0001642789
2452 0.0001984249
2453 0.0001271284
2454 0.0001351124
2455 0.0002008261
2456 0.0001882729
2457 0.0001943078
2458 0.0002777874
2459 0.0001668152
2460 0.0002082119
2461 0.0001977192
2462 0.0002365542
2463 0.0001974163
2464 0.0002237718
2465 0.0002178356
2466 0.0002161246
2467 0.0002950695
2468 0.0001315227
2469 0.0003413928
2470 0.0001867728
2471 0.0001583384
2472 0.0002619752
2473 0.0002306234
2474 0.0001733258
2475 0.0001205055
2476 0.0001353728
2477 0.0002154649
2478 0.0001377968
2479 0.0001037072
2480 0.0002440150
2481 0.0002436271
2482 0.0000889053
2483 0.0001938942
2484 0.0001185904
2485 0.0001691918
2486 0.0002456350
2487 0.0001689626
2488 0.0001650805
2489 0.0001585947
2490 0.0002510565
2491 0.0002214219
2492 0.0002730529
2493 0.0001157700
2494 0.0002325250
2495 0.0001961062
2496 0.0001640310
2497 0.0002510682
2498 0.0001316060
2499 0.0001629292
2500 0.0002435248
2501 0.0001866659
2502 0.0001878300
2503 0.0002337559
2504 0.0001637601
2505 0.0001905971
2506 0.0001786926
2507 0.0002422281
2508 0.0001309878
2509 0.0001648189
2510 0.0003166518
2511 0.0001991436
2512 0.0002392628
2513 0.0002136298
2514 0.0001449621
2515 0.0002485178
2516 0.0002436874
2517 0.0002149670
2518 0.0002502855
2519 0.0001676337
2520 0.0002336102
2521 0.0000855062
2522 0.0001322700
2523 0.0002109518
2524 0.0002401216
2525 0.0002381460
2526 0.0002197450
2527 0.0002250039
2528 0.0002042854
2529 0.0003163415
2530 0.0002472019
2531 0.0002529028
2532 0.0002098191
2533 0.0002116294
2534 0.0001767478
2535 0.0001695836
2536 0.0002993281
2537 0.0001897427
2538 0.0002225653
2539 0.0001972217
2540 0.0001640169
2541 0.0001839753
2542 0.0002148475
2543 0.0001382474
2544 0.0002199183
2545 0.0002364368
2546 0.0001291741
2547 0.0001154149
2548 0.0002596106
2549 0.0001515772
2550 0.0001709928
2551 0.0002172295
2552 0.0002163082
2553 0.0002104587
2554 0.0001710765
2555 0.0001951563
2556 0.0001918064
2557 0.0002693258
2558 0.0002760166
2559 0.0001513495
2560 0.0002044546
2561 0.0003037575
2562 0.0002943915
2563 0.0003576021
2564 0.0002054899
2565 0.0001841519
2566 0.0002629974
2567 0.0001767224
2568 0.0001607075
2569 0.0002157336
2570 0.0002655979
2571 0.0002573300
2572 0.0002585454
2573 0.0001808897
2574 0.0002062417
2575 0.0002342756
2576 0.0002253340
2577 0.0001848011
2578 0.0001555751
2579 0.0001157301
2580 0.0001629745
2581 0.0002185703
2582 0.0001007481
2583 0.0003029252
2584 0.0001649752
2585 0.0001785118
2586 0.0002689932
2587 0.0001730867
2588 0.0001983487
2589 0.0001331857
2590 0.0001918988
2591 0.0002996839
2592 0.0001557408
2593 0.0001778844
2594 0.0001781859
2595 0.0001934926
2596 0.0002168610
2597 0.0001541383
2598 0.0001561367
2599 0.0000566068
2600 0.0003016824
2601 0.0002878556
2602 0.0002161632
2603 0.0001198110
2604 0.0002116096
2605 0.0001601528
2606 0.0002141526
2607 0.0002004934
2608 0.0001691657
2609 0.0002872871
2610 0.0002207427
2611 0.0002215248
2612 0.0002578238
2613 0.0002229239
2614 0.0001761107
2615 0.0002598329
2616 0.0002685930
2617 0.0001012782
2618 0.0002674454
2619 0.0001347300
2620 0.0001607393
2621 0.0001947789
2622 0.0001751030
2623 0.0002133317
2624 0.0001179806
2625 0.0002034534
2626 0.0002531749
2627 0.0002541907
2628 0.0001842859
2629 0.0001579884
2630 0.0001180464
2631 0.0000737583
2632 0.0002461286
2633 0.0002230775
2634 0.0001425330
2635 0.0002303640
2636 0.0002882099
2637 0.0002735931
2638 0.0001339753
2639 0.0002089273
2640 0.0002048616
2641 0.0001892355
2642 0.0001437879
2643 0.0001967118
2644 0.0000806808
2645 0.0001333202
2646 0.0001153667
2647 0.0001822110
2648 0.0002032122
2649 0.0002718044
2650 0.0001920146
2651 0.0002454366
2652 0.0001305780
2653 0.0002069327
2654 0.0001369397
2655 0.0001930914
2656 0.0003120367
2657 0.0001959915
2658 0.0001170860
2659 0.0003015775
2660 0.0002484658
2661 0.0003108924
2662 0.0001468642
2663 0.0001794242
2664 0.0001688153
2665 0.0001812750
2666 0.0001822147
2667 0.0002264300
2668 0.0002834070
2669 0.0001990436
2670 0.0001886431
2671 0.0002797017
2672 0.0000856411
2673 0.0001412955
2674 0.0001955017
2675 0.0001871856
2676 0.0002125918
2677 0.0002948804
2678 0.0002736161
2679 0.0001088399
2680 0.0001381213
2681 0.0001349350
2682 0.0002363494
2683 0.0001537628
2684 0.0001875529
2685 0.0002100636
2686 0.0003395309
2687 0.0001980718
2688 0.0002113486
2689 0.0001568426
2690 0.0002556140
2691 0.0002612071
2692 0.0001186783
2693 0.0001075018
2694 0.0001323408
2695 0.0001872743
2696 0.0001803306
2697 0.0002300558
2698 0.0001893975
2699 0.0002375367
2700 0.0001886416
2701 0.0001095468
2702 0.0001308344
2703 0.0002123726
2704 0.0002260003
2705 0.0001920343
2706 0.0002434057
2707 0.0001779496
2708 0.0001531654
2709 0.0001774308
2710 0.0001862501
2711 0.0001653778
2712 0.0002851604
2713 0.0002076932
2714 0.0002813418
2715 0.0001578491
2716 0.0002237972
2717 0.0002854228
2718 0.0002465371
2719 0.0002247004
2720 0.0001946590
2721 0.0001545635
2722 0.0001898750
2723 0.0001899946
2724 0.0002442515
2725 0.0001427662
2726 0.0001999372
2727 0.0002147445
2728 0.0002742335
2729 0.0001962633
2730 0.0002022951
2731 0.0001529151
2732 0.0002724737
2733 0.0003020559
2734 0.0003066283
2735 0.0002160988
2736 0.0001693838
2737 0.0002096707
2738 0.0001991714
2739 0.0001411971
2740 0.0001669599
2741 0.0001394403
2742 0.0001700878
2743 0.0002730515
2744 0.0002532923
2745 0.0001474892
2746 0.0002138722
2747 0.0001817900
2748 0.0002187860
2749 0.0002235554
2750 0.0000939217
2751 0.0001551747
2752 0.0001658196
2753 0.0001526493
2754 0.0001821182
2755 0.0001309587
2756 0.0001349141
2757 0.0001842020
2758 0.0002858313
2759 0.0003051184
2760 0.0001965943
2761 0.0001752686
2762 0.0001461341
2763 0.0002505892
2764 0.0002357485
2765 0.0001413229
2766 0.0002237214
2767 0.0002700899
2768 0.0001993734
2769 0.0002263949
2770 0.0002033511
2771 0.0002148379
2772 0.0000972074
2773 0.0002188151
2774 0.0001976068
2775 0.0002012420
2776 0.0001593233
2777 0.0002723658
2778 0.0001722465
2779 0.0001448524
2780 0.0001303970
2781 0.0001132636
2782 0.0001278745
2783 0.0002964133
2784 0.0003153606
2785 0.0001302422
2786 0.0002779338
2787 0.0001638694
2788 0.0002195461
2789 0.0002288301
2790 0.0002441208
2791 0.0001723471
2792 0.0001812760
2793 0.0002525558
2794 0.0001799324
2795 0.0002248194
2796 0.0001690442
2797 0.0001898138
2798 0.0001928442
2799 0.0002967777
2800 0.0001742541
2801 0.0002387125
2802 0.0002424158
2803 0.0002775683
2804 0.0001586032
2805 0.0001320508
2806 0.0002524546
2807 0.0002480621
2808 0.0001147553
2809 0.0002858753
2810 0.0001988221
2811 0.0001731558
2812 0.0001608282
2813 0.0002576613
2814 0.0001190485
2815 0.0001597812
2816 0.0002981097
2817 0.0001539778
2818 0.0002508706
2819 0.0002283141
2820 0.0001523554
2821 0.0001773132
2822 0.0001833922
2823 0.0000851644
2824 0.0002076219
2825 0.0002644150
2826 0.0001695566
2827 0.0003341017
2828 0.0002580788
2829 0.0001528382
2830 0.0001605287
2831 0.0002876114
2832 0.0001305509
2833 0.0002075219
2834 0.0002221190
2835 0.0001900003
2836 0.0001332191
2837 0.0001897788
2838 0.0001276849
2839 0.0002361134
2840 0.0000748910
2841 0.0002118905
2842 0.0001905817
2843 0.0001145879
2844 0.0002214041
2845 0.0002064454
2846 0.0002039731
2847 0.0002885983
2848 0.0001142121
2849 0.0001918282
2850 0.0001995936
2851 0.0002291732
2852 0.0001515696
2853 0.0002460741
2854 0.0001673779
2855 0.0001327644
2856 0.0002521349
2857 0.0001504931
2858 0.0002492535
2859 0.0003187726
2860 0.0002406593
2861 0.0001929165
2862 0.0001823403
2863 0.0003624519
2864 0.0001119123
2865 0.0001754523
2866 0.0002896557
2867 0.0002022500
2868 0.0001770800
2869 0.0003443370
2870 0.0000896011
2871 0.0001680908
2872 0.0002833952
2873 0.0001626864
2874 0.0001936174
2875 0.0002100591
2876 0.0002243044
2877 0.0002099569
2878 0.0002272910
2879 0.0001282544
2880 0.0001246098
2881 0.0001641447
2882 0.0002076109
2883 0.0001156025
2884 0.0002780887
2885 0.0003701344
2886 0.0002434037
2887 0.0001296572
2888 0.0001987341
2889 0.0001924873
2890 0.0002026655
2891 0.0002962536
2892 0.0002299695
2893 0.0001300647
2894 0.0001943149
2895 0.0001747929
2896 0.0001438810
2897 0.0002052157
2898 0.0002990412
2899 0.0002552987
2900 0.0002483376
2901 0.0001317925
2902 0.0002433538
2903 0.0002618535
2904 0.0001326290
2905 0.0002223527
2906 0.0002156450
2907 0.0002480849
2908 0.0002181143
2909 0.0001766518
2910 0.0002791729
2911 0.0001866973
2912 0.0001646967
2913 0.0002361751
2914 0.0001721779
2915 0.0002749599
2916 0.0002544107
2917 0.0002140501
2918 0.0001997515
2919 0.0001661856
2920 0.0001386138
2921 0.0002177985
2922 0.0002689008
2923 0.0001568453
2924 0.0002108101
2925 0.0002247128
2926 0.0001743868
2927 0.0002064630
2928 0.0001510674
2929 0.0002327288
2930 0.0001887597
2931 0.0001675330
2932 0.0001690538
2933 0.0002936236
2934 0.0002126330
2935 0.0002073584
2936 0.0002287248
2937 0.0001538699
2938 0.0003564800
2939 0.0002087192
2940 0.0002913485
2941 0.0001625546
2942 0.0002066628
2943 0.0001662989
2944 0.0002257125
2945 0.0002273111
2946 0.0002274091
2947 0.0001382122
2948 0.0001734173
2949 0.0002436322
2950 0.0001237735
2951 0.0002517691
2952 0.0002178460
2953 0.0001002941
2954 0.0002597328
2955 0.0001944096
2956 0.0001935266
2957 0.0001841946
2958 0.0001599915
2959 0.0001164510
2960 0.0001821696
2961 0.0000766599
2962 0.0002398304
2963 0.0002186142
2964 0.0002599649
2965 0.0001718834
2966 0.0001468583
2967 0.0002544961
2968 0.0002973936
2969 0.0002157732
2970 0.0002078883
2971 0.0001567730
2972 0.0001860179
2973 0.0001103450
2974 0.0003207734
2975 0.0001529526
2976 0.0002537004
2977 0.0001793437
2978 0.0001422184
2979 0.0002098353
2980 0.0002447090
2981 0.0002650929
2982 0.0001747105
2983 0.0002876840
2984 0.0002836232
2985 0.0002289466
2986 0.0002120100
2987 0.0001317878
2988 0.0002583165
2989 0.0001613003
2990 0.0002208965
2991 0.0001926372
2992 0.0002183689
2993 0.0001437638
2994 0.0002258325
2995 0.0002197075
2996 0.0002349031
2997 0.0001600250
2998 0.0001844673
2999 0.0001676062
3000 0.0001289581
3001 0.0002224770
3002 0.0002063264
3003 0.0001766250
3004 0.0001322010
3005 0.0002401508
3006 0.0001564668
3007 0.0002171569
3008 0.0001658766
3009 0.0002337506
3010 0.0001558375
3011 0.0001610067
3012 0.0002385266
3013 0.0001767012
3014 0.0001836247
3015 0.0002317395
3016 0.0002598988
3017 0.0002481235
3018 0.0002561779
3019 0.0002288047
3020 0.0001981242
3021 0.0002758325
3022 0.0001289394
3023 0.0001108657
3024 0.0001268730
3025 0.0001740224
3026 0.0000875777
3027 0.0003161841
3028 0.0002581918
3029 0.0001823934
3030 0.0002559538
3031 0.0002251304
3032 0.0001522432
3033 0.0001947343
3034 0.0002012492
3035 0.0001995508
3036 0.0001521302
3037 0.0002247908
3038 0.0003454943
3039 0.0002891584
3040 0.0001467060
3041 0.0002854746
3042 0.0002999722
3043 0.0002037294
3044 0.0001274893
3045 0.0001043638
3046 0.0001854539
3047 0.0002910791
3048 0.0002705913
3049 0.0002184146
3050 0.0002098064
3051 0.0002238518
3052 0.0001714638
3053 0.0002224469
3054 0.0002881574
3055 0.0001071819
3056 0.0002724151
3057 0.0001776661
3058 0.0001705932
3059 0.0001397803
3060 0.0002180845
3061 0.0001650968
3062 0.0001711393
3063 0.0001251599
3064 0.0001896806
3065 0.0001746129
3066 0.0001213974
3067 0.0002497619
3068 0.0001708984
3069 0.0001558188
3070 0.0002379394
3071 0.0000752742
3072 0.0002179063
3073 0.0001565042
3074 0.0001744417
3075 0.0003292164
3076 0.0002702327
3077 0.0002138803
3078 0.0001817676
3079 0.0002909131
3080 0.0001268576
3081 0.0003176521
3082 0.0001559342
3083 0.0002100804
3084 0.0002570502
3085 0.0001421328
3086 0.0002172080
3087 0.0001418386
3088 0.0001627335
3089 0.0002371026
3090 0.0002960177
3091 0.0002494019
3092 0.0000928279
3093 0.0001978512
3094 0.0001275103
3095 0.0003222062
3096 0.0001985702
3097 0.0002347634
3098 0.0001688996
3099 0.0000764070
3100 0.0001208798
3101 0.0002719267
3102 0.0001611617
3103 0.0000883705
3104 0.0002194775
3105 0.0002155916
3106 0.0002280269
3107 0.0001192720
3108 0.0001068420
3109 0.0002470639
3110 0.0001545845
3111 0.0001533092
3112 0.0002784443
3113 0.0002063052
3114 0.0001999731
3115 0.0002055879
3116 0.0002062990
3117 0.0002038030
3118 0.0002314184
3119 0.0001898124
3120 0.0001977383
3121 0.0001856366
3122 0.0001823428
3123 0.0002560797
3124 0.0002748154
3125 0.0002329629
3126 0.0003022859
3127 0.0001489775
3128 0.0002082549
3129 0.0002960453
3130 0.0001744036
3131 0.0002736677
3132 0.0001548834
3133 0.0002299842
3134 0.0002153279
3135 0.0000446383
3136 0.0002225203
3137 0.0002343872
3138 0.0002441760
3139 0.0002147171
3140 0.0001257842
3141 0.0002405856
3142 0.0002221932
3143 0.0002152550
3144 0.0001733780
3145 0.0002025859
3146 0.0002194877
3147 0.0001836184
3148 0.0001348368
3149 0.0001857991
3150 0.0002645326
3151 0.0001756257
3152 0.0002817974
3153 0.0002782048
3154 0.0001809988
3155 0.0002202359
3156 0.0001741847
3157 0.0002292939
3158 0.0001179469
3159 0.0002314597
3160 0.0001695751
3161 0.0001959859
3162 0.0001781695
3163 0.0002130436
3164 0.0001327186
3165 0.0002103880
3166 0.0002429942
3167 0.0002066794
3168 0.0001976069
3169 0.0002089188
3170 0.0002961788
3171 0.0001881832
3172 0.0002183133
3173 0.0000948787
3174 0.0002359055
3175 0.0001368099
3176 0.0000825437
3177 0.0001873737
3178 0.0001888849
3179 0.0001528324
3180 0.0002696449
3181 0.0002175716
3182 0.0002923050
3183 0.0001724656
3184 0.0001255316
3185 0.0000922284
3186 0.0001697397
3187 0.0001739200
3188 0.0002346075
3189 0.0002208961
3190 0.0001886195
3191 0.0002146579
3192 0.0001730623
3193 0.0001644804
3194 0.0001558102
3195 0.0001866281
3196 0.0002055898
3197 0.0001312355
3198 0.0003441114
3199 0.0001637293
3200 0.0001922172
3201 0.0001103966
3202 0.0001415540
3203 0.0001581410
3204 0.0002338251
3205 0.0001973634
3206 0.0001486957
3207 0.0001985950
3208 0.0002400147
3209 0.0001436425
3210 0.0001685981
3211 0.0001819946
3212 0.0001680109
3213 0.0003666864
3214 0.0002082273
3215 0.0001489979
3216 0.0001322356
3217 0.0001931137
3218 0.0001975868
3219 0.0002521821
3220 0.0001547950
3221 0.0002021973
3222 0.0002357538
3223 0.0001979066
3224 0.0002095248
3225 0.0002772331
3226 0.0002473808
3227 0.0001913917
3228 0.0003213948
3229 0.0002334485
3230 0.0001355929
3231 0.0001416584
3232 0.0002060914
3233 0.0001791628
3234 0.0002434407
3235 0.0001198405
3236 0.0001432751
3237 0.0002689468
3238 0.0002568842
3239 0.0001269422
3240 0.0002609282
3241 0.0001834537
3242 0.0002135755
3243 0.0003236536
3244 0.0001161577
3245 0.0001666268
3246 0.0001417962
3247 0.0002249547
3248 0.0001836296
3249 0.0001665079
3250 0.0002334370
3251 0.0002209694
3252 0.0001865888
3253 0.0001456855
3254 0.0002788825
3255 0.0002304404
3256 0.0001774902
3257 0.0002870686
3258 0.0001695773
3259 0.0002369961
3260 0.0001667811
3261 0.0002088460
3262 0.0001850008
3263 0.0001622140
3264 0.0001679369
3265 0.0002217543
3266 0.0002051449
3267 0.0002311477
3268 0.0002487449
3269 0.0002037760
3270 0.0002374573
3271 0.0002067501
3272 0.0001742201
3273 0.0001971225
3274 0.0002298882
3275 0.0002048971
3276 0.0001713979
3277 0.0002040236
3278 0.0001565868
3279 0.0001217559
3280 0.0003558411
3281 0.0001421388
3282 0.0001809457
3283 0.0002858680
3284 0.0001902787
3285 0.0002128593
3286 0.0001005171
3287 0.0002091440
3288 0.0002677451
3289 0.0001770962
3290 0.0001906339
3291 0.0001030950
3292 0.0001046620
3293 0.0002439227
3294 0.0002289845
3295 0.0002020504
3296 0.0002560481
3297 0.0002627276
3298 0.0002376934
3299 0.0001998436
3300 0.0002131551
3301 0.0001476585
3302 0.0000925844
3303 0.0001598634
3304 0.0001373959
3305 0.0002207781
3306 0.0002656350
3307 0.0002533719
3308 0.0002985616
3309 0.0002448989
3310 0.0001873919
3311 0.0002212060
3312 0.0001899309
3313 0.0001255166
3314 0.0001287155
3315 0.0002513669
3316 0.0001425855
3317 0.0002243932
3318 0.0002360631
3319 0.0001639130
3320 0.0001831955
3321 0.0002029157
3322 0.0001172114
3323 0.0001124885
3324 0.0001303266
3325 0.0001752463
3326 0.0002237059
3327 0.0001301289
3328 0.0002348628
3329 0.0002557545
3330 0.0001267229
3331 0.0001844136
3332 0.0001851219
3333 0.0002093711
3334 0.0003939892
3335 0.0001183309
3336 0.0002270643
3337 0.0001793331
3338 0.0002430005
3339 0.0002702594
3340 0.0001176757
3341 0.0001624029
3342 0.0002064879
3343 0.0001344656
3344 0.0002325469
3345 0.0001580666
3346 0.0003413524
3347 0.0001881002
3348 0.0002261629
3349 0.0002541478
3350 0.0001630091
3351 0.0001906735
3352 0.0001790569
3353 0.0003740369
3354 0.0002540815
3355 0.0002095858
3356 0.0001853989
3357 0.0002665232
3358 0.0002211310
3359 0.0001383472
3360 0.0002168575
3361 0.0003262547
3362 0.0001838304
3363 0.0002063247
3364 0.0002632840
3365 0.0002448486
3366 0.0001709809
3367 0.0001512092
3368 0.0002997989
3369 0.0002301545
3370 0.0002886557
3371 0.0002414094
3372 0.0001465346
3373 0.0001930007
3374 0.0000523316
3375 0.0002144332
3376 0.0000816551
3377 0.0002209953
3378 0.0002270242
3379 0.0001837922
3380 0.0002535751
3381 0.0001903090
3382 0.0001446741
3383 0.0001850391
3384 0.0001458863
3385 0.0003647884
3386 0.0001429658
3387 0.0002034786
3388 0.0001671754
3389 0.0001601356
3390 0.0001330288
3391 0.0001636809
3392 0.0002309182
3393 0.0001761744
3394 0.0002208140
3395 0.0002175291
3396 0.0001486206
3397 0.0002110455
3398 0.0003104857
3399 0.0002774213
3400 0.0002215552
3401 0.0002303339
3402 0.0002384284
3403 0.0001413876
3404 0.0001820441
3405 0.0001836868
3406 0.0001622163
3407 0.0002298757
3408 0.0002839096
3409 0.0000927378
3410 0.0002082328
3411 0.0001185036
3412 0.0002863649
3413 0.0002316202
3414 0.0001658324
3415 0.0001938100
3416 0.0003095357
3417 0.0003032269
3418 0.0001630857
3419 0.0002785468
3420 0.0001400681
3421 0.0001672318
3422 0.0001631726
3423 0.0001527870
3424 0.0001342363
3425 0.0002094873
3426 0.0001334285
3427 0.0001480303
3428 0.0002293915
3429 0.0001658502
3430 0.0001983813
3431 0.0001562086
3432 0.0001999965
3433 0.0001519782
3434 0.0002726538
3435 0.0001564472
3436 0.0002247619
3437 0.0001897024
3438 0.0001678106
3439 0.0001794003
3440 0.0003079364
3441 0.0002577327
3442 0.0002034492
3443 0.0002084567
3444 0.0001697879
3445 0.0001722423
3446 0.0002079234
3447 0.0002752146
3448 0.0002249743
3449 0.0002369506
3450 0.0001749703
3451 0.0002085881
3452 0.0001237030
3453 0.0001745151
3454 0.0002166834
3455 0.0001030237
3456 0.0001391421
3457 0.0001424238
3458 0.0001629879
3459 0.0002022699
3460 0.0001777306
3461 0.0002038302
3462 0.0002289983
3463 0.0001338894
3464 0.0001676012
3465 0.0002091965
3466 0.0002432001
3467 0.0002118833
3468 0.0001991959
3469 0.0002359126
3470 0.0002072302
3471 0.0002042422
3472 0.0000903677
3473 0.0002099013
3474 0.0002937475
3475 0.0001847012
3476 0.0001863575
3477 0.0003073497
3478 0.0003482242
3479 0.0002161457
3480 0.0002197550
3481 0.0002162043
3482 0.0002186030
3483 0.0002915296
3484 0.0000898469
3485 0.0002213811
3486 0.0002053620
3487 0.0002241675
3488 0.0001495550
3489 0.0001823850
3490 0.0001809186
3491 0.0001432050
3492 0.0001860107
3493 0.0002075156
3494 0.0002296227
3495 0.0001317831
3496 0.0002273033
3497 0.0001940135
3498 0.0001729183
3499 0.0001246117
3500 0.0001713557
3501 0.0001927149
3502 0.0001617622
3503 0.0003136340
3504 0.0003074963
3505 0.0002518101
3506 0.0001690356
3507 0.0001987834
3508 0.0001531776
3509 0.0002291534
3510 0.0002002834
3511 0.0002006868
3512 0.0002326079
3513 0.0002923766
3514 0.0001735120
3515 0.0002046087
3516 0.0001474757
3517 0.0001183626
3518 0.0001352974
3519 0.0001812338
3520 0.0002053463
3521 0.0001657245
3522 0.0001305304
3523 0.0001464890
3524 0.0001764879
3525 0.0002717792
3526 0.0002218473
3527 0.0002754046
3528 0.0002072740
3529 0.0002189685
3530 0.0001749472
3531 0.0001984574
3532 0.0001553656
3533 0.0002515734
3534 0.0002548843
3535 0.0002159020
3536 0.0001597560
3537 0.0002415754
3538 0.0002182361
3539 0.0002127846
3540 0.0002078840
3541 0.0001781656
3542 0.0001769304
3543 0.0003422689
3544 0.0002273038
3545 0.0002690659
3546 0.0002217535
3547 0.0001206434
3548 0.0001504161
3549 0.0002310175
3550 0.0002719783
3551 0.0002075890
3552 0.0001814316
3553 0.0001542107
3554 0.0001485808
3555 0.0001862062
3556 0.0001178653
3557 0.0000770912
3558 0.0001691595
3559 0.0001603839
3560 0.0002787748
3561 0.0001777621
3562 0.0001637924
3563 0.0003239864
3564 0.0001468101
3565 0.0001712345
3566 0.0002499013
3567 0.0000919579
3568 0.0001190592
3569 0.0002369291
3570 0.0002902416
3571 0.0001712745
3572 0.0002389202
3573 0.0002837039
3574 0.0002334784
3575 0.0002500329
3576 0.0002504651
3577 0.0002197672
3578 0.0001861718
3579 0.0002184556
3580 0.0002575746
3581 0.0002141968
3582 0.0002036372
3583 0.0002699508
3584 0.0001527783
3585 0.0001879536
3586 0.0002912379
3587 0.0002117720
3588 0.0002058342
3589 0.0002070550
3590 0.0001306433
3591 0.0002095919
3592 0.0002114113
3593 0.0002000793
3594 0.0002316594
3595 0.0002903053
3596 0.0002603497
3597 0.0002087728
3598 0.0002137762
3599 0.0001536674
3600 0.0001498995
3601 0.0001986253
3602 0.0001431973
3603 0.0002069942
3604 0.0002142976
3605 0.0001578785
3606 0.0002268001
3607 0.0002735169
3608 0.0001823349
3609 0.0002596541
3610 0.0001887632
3611 0.0002082743
3612 0.0001311346
3613 0.0002508128
3614 0.0002661390
3615 0.0001369137
3616 0.0001796396
3617 0.0002169528
3618 0.0001376493
3619 0.0002241795
3620 0.0002087236
3621 0.0003051164
3622 0.0002027637
3623 0.0002426545
3624 0.0002654572
3625 0.0002361682
3626 0.0002280640
3627 0.0001399207
3628 0.0003401042
3629 0.0001945039
3630 0.0003038703
3631 0.0001664023
3632 0.0002519674
3633 0.0002769025
3634 0.0002165759
3635 0.0002426791
3636 0.0001905532
3637 0.0002234465
3638 0.0001769698
3639 0.0001609172
3640 0.0001525647
3641 0.0001313726
3642 0.0001539006
3643 0.0001939060
3644 0.0002557204
3645 0.0001307236
3646 0.0002285033
3647 0.0001999704
3648 0.0002400664
3649 0.0001991585
3650 0.0002024262
3651 0.0001689196
3652 0.0003128369
3653 0.0001954042
3654 0.0002490533
3655 0.0002066406
3656 0.0002445797
3657 0.0001914872
3658 0.0002597712
3659 0.0001978866
3660 0.0001198756
3661 0.0003126108
3662 0.0002024000
3663 0.0003053754
3664 0.0001894502
3665 0.0002045795
3666 0.0001871290
3667 0.0000983968
3668 0.0002086109
3669 0.0002358393
3670 0.0002894667
3671 0.0001956814
3672 0.0001614414
3673 0.0001799328
3674 0.0001414736
3675 0.0002009829
3676 0.0001728957
3677 0.0001633633
3678 0.0001746761
3679 0.0002241852
3680 0.0001157574
3681 0.0002259892
3682 0.0001718922
3683 0.0001970142
3684 0.0002042533
3685 0.0002604624
3686 0.0002163284
3687 0.0002802030
3688 0.0001413382
3689 0.0003271685
3690 0.0001918637
3691 0.0002302596
3692 0.0001966389
3693 0.0002057110
3694 0.0003192408
3695 0.0001552815
3696 0.0001407510
3697 0.0002735395
3698 0.0002260937
3699 0.0001621216
3700 0.0001388347
3701 0.0001553137
3702 0.0001976616
3703 0.0001112506
3704 0.0002298703
3705 0.0001375948
3706 0.0001417506
3707 0.0001706356
3708 0.0003000168
3709 0.0002132334
3710 0.0001379310
3711 0.0002277470
3712 0.0001765276
3713 0.0002250897
3714 0.0002752753
3715 0.0000863138
3716 0.0001883112
3717 0.0001996072
3718 0.0002106069
3719 0.0001612871
3720 0.0002369690
3721 0.0002021295
3722 0.0001732727
3723 0.0001613999
3724 0.0001246858
3725 0.0002032303
3726 0.0001384373
3727 0.0001333589
3728 0.0002576716
3729 0.0002298989
3730 0.0001989830
3731 0.0001571965
3732 0.0001741476
3733 0.0002063348
3734 0.0001297972
3735 0.0001754378
3736 0.0001600218
3737 0.0002615632
3738 0.0002644807
3739 0.0001221447
3740 0.0003513708
3741 0.0002333432
3742 0.0001091127
3743 0.0001914775
3744 0.0001714333
3745 0.0001823943
3746 0.0002646616
3747 0.0002009220
3748 0.0002270157
3749 0.0003299152
3750 0.0002414582
3751 0.0001563745
3752 0.0001909989
3753 0.0002266861
3754 0.0001575336
3755 0.0003042625
3756 0.0001800201
3757 0.0001951201
3758 0.0003370606
3759 0.0001327633
3760 0.0001817161
3761 0.0002017580
3762 0.0001936878
3763 0.0001984193
3764 0.0002095146
3765 0.0001637994
3766 0.0002259057
3767 0.0001761354
3768 0.0001858580
3769 0.0002383757
3770 0.0000751922
3771 0.0002474327
3772 0.0002219807
3773 0.0000927954
3774 0.0002062800
3775 0.0002443946
3776 0.0001259006
3777 0.0001973213
3778 0.0001784373
3779 0.0001279384
3780 0.0001332514
3781 0.0002141104
3782 0.0001699251
3783 0.0003038090
3784 0.0001339195
3785 0.0002556799
3786 0.0001229843
3787 0.0002519600
3788 0.0001039925
3789 0.0001813601
3790 0.0001596972
3791 0.0001726232
3792 0.0002069616
3793 0.0002142593
3794 0.0002537174
3795 0.0002281590
3796 0.0002131908
3797 0.0002190490
3798 0.0001167425
3799 0.0001496793
3800 0.0001566792
3801 0.0001648994
3802 0.0001985389
3803 0.0002589632
3804 0.0002506905
3805 0.0002458565
3806 0.0002098806
3807 0.0001880031
3808 0.0002174532
3809 0.0003207694
3810 0.0002556564
3811 0.0002138664
3812 0.0002431852
3813 0.0001728368
3814 0.0001805053
3815 0.0001870768
3816 0.0002527671
3817 0.0002280996
3818 0.0001985363
3819 0.0001028643
3820 0.0001225660
3821 0.0002086123
3822 0.0001941022
3823 0.0001864300
3824 0.0002445239
3825 0.0002422159
3826 0.0001337806
3827 0.0002214477
3828 0.0001419612
3829 0.0002108499
3830 0.0001646859
3831 0.0001734045
3832 0.0001554324
3833 0.0002343060
3834 0.0001118711
3835 0.0002357645
3836 0.0001533662
3837 0.0001073145
3838 0.0001941498
3839 0.0001180824
3840 0.0002016234
3841 0.0001386595
3842 0.0002735004
3843 0.0001425807
3844 0.0002638131
3845 0.0002006812
3846 0.0002096504
3847 0.0001753090
3848 0.0002359320
3849 0.0001616435
3850 0.0002234057
3851 0.0001008093
3852 0.0002535368
3853 0.0001240921
3854 0.0002175713
3855 0.0001559015
3856 0.0002438302
3857 0.0002269113
3858 0.0001390821
3859 0.0001845006
3860 0.0001997197
3861 0.0002312113
3862 0.0001843276
3863 0.0001383611
3864 0.0002925802
3865 0.0002015306
3866 0.0001865569
3867 0.0002662299
3868 0.0001635367
3869 0.0002342784
3870 0.0001956139
3871 0.0001728395
3872 0.0002324715
3873 0.0002262451
3874 0.0002270321
3875 0.0001975557
3876 0.0002039592
3877 0.0002276739
3878 0.0000985623
3879 0.0001990861
3880 0.0001864917
3881 0.0001686478
3882 0.0002685667
3883 0.0001643055
3884 0.0002136802
3885 0.0001379812
3886 0.0002268524
3887 0.0000969586
3888 0.0001850414
3889 0.0002555824
3890 0.0001160444
3891 0.0001178478
3892 0.0003194088
3893 0.0000866206
3894 0.0001450394
3895 0.0002512992
3896 0.0002206777
3897 0.0002121732
3898 0.0001957613
3899 0.0002485456
3900 0.0001907729
3901 0.0002238852
3902 0.0001619102
3903 0.0002210833
3904 0.0002109934
3905 0.0001203105
3906 0.0001568430
3907 0.0002080286
3908 0.0002704903
3909 0.0001830423
3910 0.0002645568
3911 0.0001569267
3912 0.0001706564
3913 0.0001836586
3914 0.0002147711
3915 0.0001655303
3916 0.0002324058
3917 0.0002075715
3918 0.0002253834
3919 0.0002439472
3920 0.0000990170
3921 0.0001466567
3922 0.0001959038
3923 0.0002667397
3924 0.0002643148
3925 0.0002382285
3926 0.0001698300
3927 0.0000987217
3928 0.0001989506
3929 0.0001652575
3930 0.0001905941
3931 0.0003204320
3932 0.0001665653
3933 0.0001647821
3934 0.0002846368
3935 0.0001259111
3936 0.0001723555
3937 0.0000956266
3938 0.0001989826
3939 0.0002019161
3940 0.0001162882
3941 0.0001405100
3942 0.0001243713
3943 0.0001589341
3944 0.0002218255
3945 0.0002932194
3946 0.0002742818
3947 0.0001880818
3948 0.0002628680
3949 0.0002532439
3950 0.0003118871
3951 0.0001532397
3952 0.0002107547
3953 0.0002100392
3954 0.0001135786
3955 0.0002390654
3956 0.0001856325
3957 0.0001918968
3958 0.0002059720
3959 0.0002004807
3960 0.0002095394
3961 0.0001977895
3962 0.0002525920
3963 0.0001546462
3964 0.0002312657
3965 0.0002694781
3966 0.0002620548
3967 0.0001551696
3968 0.0001988415
3969 0.0002687714
3970 0.0002187075
3971 0.0001369276
3972 0.0002062994
3973 0.0001681997
3974 0.0002224908
3975 0.0001669447
3976 0.0001813071
3977 0.0003099702
3978 0.0001759573
3979 0.0001379981
3980 0.0001242752
3981 0.0002471621
3982 0.0002899284
3983 0.0002599738
3984 0.0002008943
3985 0.0002004030
3986 0.0002246428
3987 0.0003256041
3988 0.0001315586
3989 0.0002284013
3990 0.0001910914
3991 0.0003309933
3992 0.0001887152
3993 0.0001777657
3994 0.0001782783
3995 0.0001170586
3996 0.0001321002
3997 0.0001694413
3998 0.0002438851
3999 0.0001887715
4000 0.0001532400
4001 0.0001950801
4002 0.0001344347
4003 0.0001830637
4004 0.0002689710
4005 0.0001653689
4006 0.0002224880
4007 0.0002088167
4008 0.0001726292
4009 0.0001459029
4010 0.0001599988
4011 0.0002034235
4012 0.0002201685
4013 0.0002050055
4014 0.0001817125
4015 0.0002820051
4016 0.0001369682
4017 0.0001601961
4018 0.0002689664
4019 0.0002023335
4020 0.0000882987
4021 0.0002021174
4022 0.0001942652
4023 0.0001263078
4024 0.0002412043
4025 0.0002543834
4026 0.0001310995
4027 0.0002804699
4028 0.0003184844
4029 0.0002954346
4030 0.0001668900
4031 0.0001733318
4032 0.0002595285
4033 0.0002091199
4034 0.0002127764
4035 0.0002468006
4036 0.0001583747
4037 0.0001937399
4038 0.0001612984
4039 0.0001971522
4040 0.0002721738
4041 0.0002225644
4042 0.0001667058
4043 0.0002366264
4044 0.0001877957
4045 0.0001993059
4046 0.0001926190
4047 0.0002370182
4048 0.0001883139
4049 0.0001810814
4050 0.0001855929
4051 0.0002416371
4052 0.0002726433
4053 0.0001791736
4054 0.0001390949
4055 0.0002909802
4056 0.0001119964
4057 0.0001440793
4058 0.0001322867
4059 0.0002769495
4060 0.0001761940
4061 0.0001861343
4062 0.0001281000
4063 0.0001529035
4064 0.0001457765
4065 0.0003463184
4066 0.0001385600
4067 0.0001659331
4068 0.0002483789
4069 0.0001674560
4070 0.0002100746
4071 0.0001416632
4072 0.0002070799
4073 0.0001820116
4074 0.0001471166
4075 0.0001846173
4076 0.0002065587
4077 0.0002261989
4078 0.0002084752
4079 0.0001971015
4080 0.0001361226
4081 0.0001632810
4082 0.0002044064
4083 0.0002320025
4084 0.0002319367
4085 0.0002498035
4086 0.0001761919
4087 0.0003593986
4088 0.0001833179
4089 0.0003285075
4090 0.0001608676
4091 0.0002673390
4092 0.0000940762
4093 0.0001613842
4094 0.0001501430
4095 0.0002443647
4096 0.0002517989
4097 0.0001640410
4098 0.0001579161
4099 0.0001558979
4100 0.0001709573
4101 0.0002052092
4102 0.0002943766
4103 0.0002690330
4104 0.0002245457
4105 0.0002472735
4106 0.0002528128
4107 0.0003094923
4108 0.0001699042
4109 0.0002048647
4110 0.0001384675
4111 0.0001816491
4112 0.0002545814
4113 0.0003547369
4114 0.0001427847
4115 0.0001932586
4116 0.0002101204
4117 0.0001696581
4118 0.0002604300
4119 0.0001865336
4120 0.0001614914
4121 0.0001637961
4122 0.0001707086
4123 0.0001869270
4124 0.0001788199
4125 0.0002648335
4126 0.0002287891
4127 0.0002016913
4128 0.0001069836
4129 0.0002484461
4130 0.0001086250
4131 0.0002167316
4132 0.0001820159
4133 0.0002614289
4134 0.0002206903
4135 0.0001944077
4136 0.0001577682
4137 0.0001859227
4138 0.0001344599
4139 0.0002453723
4140 0.0001893205
4141 0.0001900567
4142 0.0001874236
4143 0.0002168016
4144 0.0001988868
4145 0.0002219049
4146 0.0002138282
4147 0.0003540088
4148 0.0001595985
4149 0.0001702950
4150 0.0001924719
4151 0.0001874157
4152 0.0001121128
4153 0.0002227895
4154 0.0001576975
4155 0.0002658918
4156 0.0001690457
4157 0.0002841267
4158 0.0001668450
4159 0.0001840736
4160 0.0001912669
4161 0.0001974778
4162 0.0002096901
4163 0.0002218713
4164 0.0002861876
4165 0.0001928855
4166 0.0002134088
4167 0.0001653581
4168 0.0001302121
4169 0.0001199429
4170 0.0001721288
4171 0.0001713468
4172 0.0002336893
4173 0.0000761172
4174 0.0003383800
4175 0.0001492771
4176 0.0002358345
4177 0.0003306134
4178 0.0001365699
4179 0.0003149293
4180 0.0001813244
4181 0.0001747351
4182 0.0002699985
4183 0.0001645975
4184 0.0001601993
4185 0.0003165071
4186 0.0002120630
4187 0.0001638358
4188 0.0001310051
4189 0.0001663575
4190 0.0002375240
4191 0.0002438845
4192 0.0003059757
4193 0.0001109257
4194 0.0002562301
4195 0.0002175937
4196 0.0001413174
4197 0.0001645145
4198 0.0001767880
4199 0.0003253179
4200 0.0001825738
4201 0.0001172884
4202 0.0002578179
4203 0.0001789200
4204 0.0001555909
4205 0.0001271457
4206 0.0001604993
4207 0.0001183839
4208 0.0001572284
4209 0.0003068848
4210 0.0002956492
4211 0.0002281702
4212 0.0003301424
4213 0.0001989859
4214 0.0001953209
4215 0.0001983974
4216 0.0002232764
4217 0.0001679568
4218 0.0002301446
4219 0.0001938499
4220 0.0001428201
4221 0.0001575484
4222 0.0002699663
4223 0.0001866050
4224 0.0002457955
4225 0.0001855844
4226 0.0002050617
4227 0.0001128346
4228 0.0002214527
4229 0.0002355940
4230 0.0001088426
4231 0.0002099524
4232 0.0002075889
4233 0.0002442244
4234 0.0001458807
4235 0.0001975726
4236 0.0002547649
4237 0.0001949918
4238 0.0001740472
4239 0.0001694548
4240 0.0001902692
4241 0.0001227696
4242 0.0001809901
4243 0.0003031218
4244 0.0000942460
4245 0.0001977643
4246 0.0001276957
4247 0.0002351848
4248 0.0002505188
4249 0.0002190819
4250 0.0002251429
4251 0.0002056226
4252 0.0002382026
4253 0.0002213046
4254 0.0001912407
4255 0.0002304518
4256 0.0001540824
4257 0.0002430718
4258 0.0000728279
4259 0.0002244192
4260 0.0002372168
4261 0.0002826627
4262 0.0002120797
4263 0.0001311790
4264 0.0002245842
4265 0.0002537986
4266 0.0001296757
4267 0.0001217641
4268 0.0001353940
4269 0.0001306792
4270 0.0001311448
4271 0.0002188899
4272 0.0002604271
4273 0.0002542892
4274 0.0002096185
4275 0.0001738218
4276 0.0001530907
4277 0.0001754565
4278 0.0002162725
4279 0.0001513895
4280 0.0001663031
4281 0.0002119364
4282 0.0002151219
4283 0.0002029214
4284 0.0002083504
4285 0.0001969989
4286 0.0001766295
4287 0.0002093912
4288 0.0001866981
4289 0.0002528145
4290 0.0002312421
4291 0.0002456747
4292 0.0000971796
4293 0.0002359954
4294 0.0001997910
4295 0.0002579882
4296 0.0001151185
4297 0.0002610957
4298 0.0002005176
4299 0.0001606415
4300 0.0001753266
4301 0.0001814454
4302 0.0001418776
4303 0.0002883619
4304 0.0001620509
4305 0.0002335490
4306 0.0001573010
4307 0.0002786965
4308 0.0002666695
4309 0.0001977256
4310 0.0002835007
4311 0.0002636223
4312 0.0002479030
4313 0.0001761084
4314 0.0002275295
4315 0.0002328925
4316 0.0001301189
4317 0.0002630027
4318 0.0001306392
4319 0.0002205455
4320 0.0001265461
4321 0.0001384710
4322 0.0002389258
4323 0.0002704716
4324 0.0001495639
4325 0.0001536170
4326 0.0001209937
4327 0.0001607222
4328 0.0001412864
4329 0.0001387461
4330 0.0002749780
4331 0.0001436686
4332 0.0001469288
4333 0.0002008261
4334 0.0001843558
4335 0.0002517109
4336 0.0001609424
4337 0.0001487423
4338 0.0002502182
4339 0.0002551256
4340 0.0002110019
4341 0.0001614042
4342 0.0002924356
4343 0.0002369903
4344 0.0002275253
4345 0.0001848706
4346 0.0001538773
4347 0.0001484258
4348 0.0003324729
4349 0.0002142444
4350 0.0002139418
4351 0.0001772722
4352 0.0001255156
4353 0.0002501604
4354 0.0002090584
4355 0.0001744523
4356 0.0002417888
4357 0.0002907022
4358 0.0001819730
4359 0.0001829729
4360 0.0001947076
4361 0.0000684434
4362 0.0002236161
4363 0.0001962083
4364 0.0001833077
4365 0.0002181718
4366 0.0002194808
4367 0.0001901808
4368 0.0002690294
4369 0.0002115599
4370 0.0002341010
4371 0.0002101183
4372 0.0001764150
4373 0.0002023652
4374 0.0002059378
4375 0.0001625004
4376 0.0001082305
4377 0.0001490167
4378 0.0001446048
4379 0.0001605752
4380 0.0001533695
4381 0.0002235015
4382 0.0001593009
4383 0.0002380879
4384 0.0002241657
4385 0.0002816054
4386 0.0002496479
4387 0.0002364129
4388 0.0001418492
4389 0.0002546867
4390 0.0001432431
4391 0.0001790391
4392 0.0001701933
4393 0.0001855534
4394 0.0001961551
4395 0.0001639765
4396 0.0003303832
4397 0.0001307939
4398 0.0001665220
4399 0.0002575438
4400 0.0001815193
4401 0.0002075649
4402 0.0001440005
4403 0.0002158945
4404 0.0001121142
4405 0.0001718535
4406 0.0002002951
4407 0.0003146566
4408 0.0002361471
4409 0.0001868295
4410 0.0002410363
4411 0.0002080118
4412 0.0002072895
4413 0.0002477673
4414 0.0002695500
4415 0.0002252031
4416 0.0001531448
4417 0.0000980662
4418 0.0002141124
4419 0.0002603180
4420 0.0001968227
4421 0.0001724547
4422 0.0002244334
4423 0.0001003149
4424 0.0002594799
4425 0.0002143198
4426 0.0001968051
4427 0.0001649390
4428 0.0001945081
4429 0.0001485534
4430 0.0001819703
4431 0.0001576132
4432 0.0001990917
4433 0.0002460623
4434 0.0002397526
4435 0.0001585591
4436 0.0001462317
4437 0.0002939312
4438 0.0001743404
4439 0.0001442939
4440 0.0002509626
4441 0.0002362850
4442 0.0002073208
4443 0.0002833052
4444 0.0001821991
4445 0.0002659460
4446 0.0003183355
4447 0.0002180115
4448 0.0003209679
4449 0.0002021115
4450 0.0003171325
4451 0.0002777629
4452 0.0002135750
4453 0.0001667293
4454 0.0002534278
4455 0.0001722085
4456 0.0002069499
4457 0.0001999146
4458 0.0000881868
4459 0.0002631865
4460 0.0002109958
4461 0.0001754635
4462 0.0002616230
4463 0.0002548051
4464 0.0001043483
4465 0.0001211545
4466 0.0001602373
4467 0.0001769457
4468 0.0001109083
4469 0.0002783668
4470 0.0003014869
4471 0.0002190870
4472 0.0002303671
4473 0.0001558805
4474 0.0001640030
4475 0.0002802068
4476 0.0001526845
4477 0.0002873914
4478 0.0003425991
4479 0.0002591052
4480 0.0001707735
4481 0.0001695184
4482 0.0001851039
4483 0.0001675693
4484 0.0001939647
4485 0.0002112878
4486 0.0001964790
4487 0.0002576666
4488 0.0001738525
4489 0.0002199341
4490 0.0001975729
4491 0.0002749705
4492 0.0001256484
4493 0.0002397052
4494 0.0001795194
4495 0.0000956502
4496 0.0001792469
4497 0.0002048257
4498 0.0001739255
4499 0.0002014442
4500 0.0002252919
4501 0.0002225947
4502 0.0002064870
4503 0.0002072542
4504 0.0001732081
4505 0.0001285469
4506 0.0003153622
4507 0.0002018586
4508 0.0002220856
4509 0.0001349195
4510 0.0002049354
4511 0.0001840225
4512 0.0001528373
4513 0.0001641724
4514 0.0002042766
4515 0.0002553278
4516 0.0003119623
4517 0.0002009379
4518 0.0002211689
4519 0.0001566832
4520 0.0002200925
4521 0.0002123421
4522 0.0001597192
4523 0.0001751068
4524 0.0001720047
4525 0.0001712730
4526 0.0001454705
4527 0.0002439660
4528 0.0001527120
4529 0.0002258881
4530 0.0002918501
4531 0.0002160558
4532 0.0001608483
4533 0.0001416101
4534 0.0002216267
4535 0.0001082870
4536 0.0002019185
4537 0.0001296254
4538 0.0002357810
4539 0.0001952204
4540 0.0001737254
4541 0.0001729249
4542 0.0002218977
4543 0.0001415366
4544 0.0002865892
4545 0.0001803069
4546 0.0002444641
4547 0.0003575245
4548 0.0002259522
4549 0.0002139249
4550 0.0000705706
4551 0.0001433822
4552 0.0001153901
4553 0.0002509636
4554 0.0001589687
4555 0.0002644999
4556 0.0002050415
4557 0.0002365400
4558 0.0003113873
4559 0.0002253165
4560 0.0002014987
4561 0.0001531542
4562 0.0001427159
4563 0.0002812580
4564 0.0002059100
4565 0.0001486579
4566 0.0002525991
4567 0.0001136953
4568 0.0001788019
4569 0.0001352784
4570 0.0001089661
4571 0.0001631101
4572 0.0002293139
4573 0.0002769812
4574 0.0002638796
4575 0.0003404293
4576 0.0001812897
4577 0.0002619601
4578 0.0001381698
4579 0.0002459533
4580 0.0001676102
4581 0.0001094369
4582 0.0001223880
4583 0.0002078667
4584 0.0001757629
4585 0.0001765429
4586 0.0001982970
4587 0.0002386139
4588 0.0002283630
4589 0.0001200419
4590 0.0001949201
4591 0.0002276281
4592 0.0001810975
4593 0.0002041239
4594 0.0001665576
4595 0.0000877662
4596 0.0001573471
4597 0.0001597693
4598 0.0001199706
4599 0.0002054188
4600 0.0002075902
4601 0.0002750034
4602 0.0002140858
4603 0.0002715782
4604 0.0001490998
4605 0.0001371149
4606 0.0001665005
4607 0.0002139922
4608 0.0002118740
4609 0.0002489494
4610 0.0001899305
4611 0.0002150295
4612 0.0001658549
4613 0.0001967911
4614 0.0001463615
4615 0.0001675442
4616 0.0002360606
4617 0.0000982032
4618 0.0001092500
4619 0.0001403941
4620 0.0001696857
4621 0.0002631422
4622 0.0001977452
4623 0.0003521826
4624 0.0001570169
4625 0.0000923445
4626 0.0001930217
4627 0.0001249127
4628 0.0001570899
4629 0.0001283969
4630 0.0003132075
4631 0.0002218873
4632 0.0002713703
4633 0.0002001079
4634 0.0002360721
4635 0.0002397189
4636 0.0001785992
4637 0.0001392768
4638 0.0002161149
4639 0.0001425697
4640 0.0002355600
4641 0.0002096709
4642 0.0001595161
4643 0.0001740447
4644 0.0001455929
4645 0.0001577225
4646 0.0001634595
4647 0.0001448598
4648 0.0001976209
4649 0.0002343444
4650 0.0002085370
4651 0.0001890657
4652 0.0001644329
4653 0.0002651873
4654 0.0002958182
4655 0.0002507853
4656 0.0001471901
4657 0.0002977476
4658 0.0003132368
4659 0.0001452135
4660 0.0001739446
4661 0.0001717894
4662 0.0002946615
4663 0.0002842903
4664 0.0002474526
4665 0.0002280927
4666 0.0002059288
4667 0.0002721249
4668 0.0001886663
4669 0.0002788565
4670 0.0001380727
4671 0.0001950429
4672 0.0002833046
4673 0.0001822693
4674 0.0001426819
4675 0.0001759896
4676 0.0002090065
4677 0.0001799242
4678 0.0001863562
4679 0.0002225948
4680 0.0002041029
4681 0.0001819721
4682 0.0001833962
4683 0.0002407037
4684 0.0001628604
4685 0.0002064964
4686 0.0001580699
4687 0.0001203178
4688 0.0002739962
4689 0.0001800061
4690 0.0001829423
4691 0.0002141197
4692 0.0003426061
4693 0.0002224897
4694 0.0001494563
4695 0.0002172528
4696 0.0001743492
4697 0.0001224255
4698 0.0000643520
4699 0.0001353473
4700 0.0001397895
4701 0.0001788742
4702 0.0003232411
4703 0.0002272785
4704 0.0003092971
4705 0.0001359793
4706 0.0001945224
4707 0.0001605127
4708 0.0002157766
4709 0.0002114610
4710 0.0001432409
4711 0.0002502250
4712 0.0001589912
4713 0.0002123903
4714 0.0002165774
4715 0.0002556764
4716 0.0001177940
4717 0.0001635445
4718 0.0001807727
4719 0.0001539355
4720 0.0001584952
4721 0.0002794864
4722 0.0002347931
4723 0.0002039489
4724 0.0002586554
4725 0.0002670744
4726 0.0001456172
4727 0.0001517160
4728 0.0002383041
4729 0.0001210718
4730 0.0001681004
4731 0.0001547063
4732 0.0002469133
4733 0.0003012488
4734 0.0001556990
4735 0.0002428594
4736 0.0002674110
4737 0.0001700065
4738 0.0002526484
4739 0.0002808558
4740 0.0001139317
4741 0.0002494589
4742 0.0002347852
4743 0.0001515243
4744 0.0002626784
4745 0.0003044201
4746 0.0001585944
4747 0.0001438573
4748 0.0001248132
4749 0.0002394805
4750 0.0002167753
4751 0.0002719149
4752 0.0002201558
4753 0.0002786714
4754 0.0002096311
4755 0.0002383448
4756 0.0000777730
4757 0.0003857707
4758 0.0001889913
4759 0.0001822642
4760 0.0001835335
4761 0.0001772904
4762 0.0001736919
4763 0.0002066343
4764 0.0002137854
4765 0.0003713951
4766 0.0002279277
4767 0.0002025157
4768 0.0001380174
4769 0.0001753046
4770 0.0002786981
4771 0.0002729994
4772 0.0001445607
4773 0.0001867578
4774 0.0001427715
4775 0.0001622013
4776 0.0001272286
4777 0.0002321096
4778 0.0001768582
4779 0.0002536853
4780 0.0001617557
4781 0.0002048679
4782 0.0003193670
4783 0.0002279238
4784 0.0002116428
4785 0.0002185542
4786 0.0001220134
4787 0.0001389760
4788 0.0002435558
4789 0.0002758731
4790 0.0001674453
4791 0.0001323382
4792 0.0002068717
4793 0.0002371960
4794 0.0000955332
4795 0.0002315343
4796 0.0001176750
4797 0.0001607197
4798 0.0002538209
4799 0.0001912625
4800 0.0001908080
4801 0.0001332809
4802 0.0001287746
4803 0.0002056725
4804 0.0001668131
4805 0.0001785009
4806 0.0002060432
4807 0.0002215318
4808 0.0002876639
4809 0.0002057140
4810 0.0001588866
4811 0.0003312962
4812 0.0001248744
4813 0.0001975368
4814 0.0002426979
4815 0.0001626950
4816 0.0001501618
4817 0.0001037318
4818 0.0001901706
4819 0.0002215429
4820 0.0001657999
4821 0.0001227672
4822 0.0001994895
4823 0.0001383830
4824 0.0001316376
4825 0.0001740573
4826 0.0001601903
4827 0.0003502718
4828 0.0002419485
4829 0.0002307897
4830 0.0001669870
4831 0.0002301513
4832 0.0001853830
4833 0.0002500786
4834 0.0001570297
4835 0.0002067532
4836 0.0001939896
4837 0.0001684945
4838 0.0002097857
4839 0.0002355380
4840 0.0002300058
4841 0.0001900449
4842 0.0001944522
4843 0.0002215648
4844 0.0002659226
4845 0.0001651283
4846 0.0003348567
4847 0.0003285524
4848 0.0001739537
4849 0.0002347406
4850 0.0001866825
4851 0.0001344409
4852 0.0001993048
4853 0.0002283962
4854 0.0002654902
4855 0.0002287704
4856 0.0001631635
4857 0.0002098872
4858 0.0001310860
4859 0.0002298566
4860 0.0002528623
4861 0.0002348715
4862 0.0001965799
4863 0.0001794177
4864 0.0002615266
4865 0.0001885451
4866 0.0001971006
4867 0.0001575429
4868 0.0002297482
4869 0.0002505964
4870 0.0000868688
4871 0.0003001187
4872 0.0001405838
4873 0.0002643240
4874 0.0001506329
4875 0.0002017173
4876 0.0002037936
4877 0.0002103867
4878 0.0001764635
4879 0.0002828478
4880 0.0002342821
4881 0.0001123634
4882 0.0001990581
4883 0.0001387124
4884 0.0001909850
4885 0.0002067425
4886 0.0001382791
4887 0.0002057616
4888 0.0001425332
4889 0.0002495489
4890 0.0001535480
4891 0.0002522234
4892 0.0002179800
4893 0.0001041773
4894 0.0002377514
4895 0.0002171405
4896 0.0002204000
4897 0.0002175261
4898 0.0001270594
4899 0.0002706071
4900 0.0002071945
4901 0.0001721826
4902 0.0003551849
4903 0.0001748916
4904 0.0001812321
4905 0.0002224113
4906 0.0001980514
4907 0.0002148400
4908 0.0002769056
4909 0.0002263331
4910 0.0002019902
4911 0.0002266664
4912 0.0002673496
4913 0.0000988520
4914 0.0001700115
4915 0.0001641704
4916 0.0002074778
4917 0.0002602299
4918 0.0001988973
4919 0.0002337135
4920 0.0002483499
4921 0.0001847740
4922 0.0001409029
4923 0.0001484783
4924 0.0002481430
4925 0.0001316203
4926 0.0001517602
4927 0.0002568503
4928 0.0001454056
4929 0.0002799795
4930 0.0001706648
4931 0.0002715414
4932 0.0002062396
4933 0.0002263130
4934 0.0001898367
4935 0.0001454269
4936 0.0001813301
4937 0.0000936819
4938 0.0002234046
4939 0.0000887695
4940 0.0001943025
4941 0.0002223888
4942 0.0002246244
4943 0.0001770717
4944 0.0001234041
4945 0.0002512231
4946 0.0002344950
4947 0.0002093110
4948 0.0001360106
4949 0.0001752701
4950 0.0002808570
4951 0.0002957637
4952 0.0001946479
4953 0.0002382543
4954 0.0000900866
4955 0.0001869865
4956 0.0001505740
4957 0.0002356425
4958 0.0002297214
4959 0.0002386387
4960 0.0002113587
4961 0.0001458924
4962 0.0002005272
4963 0.0001659261
4964 0.0002421049
4965 0.0001386254
4966 0.0002177429
4967 0.0001936447
4968 0.0002008346
4969 0.0000923822
4970 0.0001865621
4971 0.0001564100
4972 0.0002924950
4973 0.0002138245
4974 0.0001884857
4975 0.0002033130
4976 0.0000818648
4977 0.0002570004
4978 0.0001705497
4979 0.0002352213
4980 0.0002792647
4981 0.0002182292
4982 0.0001643023
4983 0.0002234416
4984 0.0002730879
4985 0.0003176486
4986 0.0002316200
4987 0.0002228751
4988 0.0002208074
4989 0.0002379194
4990 0.0002228414
4991 0.0002134324
4992 0.0001368933
4993 0.0002354852
4994 0.0001644556
4995 0.0001077428
4996 0.0002390962
4997 0.0002608246
4998 0.0002021230
4999 0.0001564933
