0 0.0013416887
1 0.0011590689
2 0.0009615091
3 0.0008892273
4 0.0004716334
5 0.0016664457
6 0.0012908508
7 0.0008209183
8 0.0005074042
9 0.0012792653
10 0.0009270792
11 0.0009854306
12 0.0012700625
13 0.0014717564
14 0.0011875362
15 0.0012451598
16 0.0009392017
17 0.0009049782
18 0.0012380620
19 0.0007688344
20 0.0008305598
21 0.0004463594
22 0.0012877371
23 0.0009550898
24 0.0011672562
25 0.0012856621
26 0.0005602545
27 0.0009014506
28 0.0004040747
29 0.0009162686
30 0.0015109016
31 0.0011503175
32 0.0008223356
33 0.0012418115
34 0.0009735016
35 0.0007978303
36 0.0009352087
37 0.0006806381
38 0.0010091760
39 0.0011282430
40 0.0013576801
41 0.0013182241
42 0.0009429189
43 0.0011409535
44 0.0013509640
45 0.0013822219
46 0.0012319093
47 0.0005747910
48 0.0010452777
49 0.0006518823
50 0.0011382462
51 0.0018602668
52 0.0009010720
53 0.0006908683
54 0.0008568615
55 0.0007738525
56 0.0009095792
57 0.0013626962
58 0.0009029465
59 0.0008696683
60 0.0008183088
61 0.0009426773
62 0.0015967207
63 0.0008392795
64 0.0007922466
65 0.0011065001
66 0.0011942577
67 0.0013744621
68 0.0015352573
69 0.0012970230
70 0.0010430818
71 0.0008401144
72 0.0010181550
73 0.0006813521
74 0.0010130015
75 0.0011032441
76 0.0016941225
77 0.0010918889
78 0.0006760017
79 0.0004715677
80 0.0012745582
81 0.0012954223
82 0.0012222711
83 0.0007085125
84 0.0014464604
85 0.0007841028
86 0.0007733461
87 0.0014124014
88 0.0013195558
89 0.0010387889
90 0.0004766243
91 0.0013977872
92 0.0011563172
93 0.0012082997
94 0.0010142838
95 0.0009899374
96 0.0006337489
97 0.0008582948
98 0.0008266157
99 0.0008295890
100 0.0006696190
101 0.0011196642
102 0.0009964388
103 0.0007947760
104 0.0011878292
105 0.0017504577
106 0.0010452510
107 0.0005285493
108 0.0008289497
109 0.0006365474
110 0.0011969338
111 0.0009243418
112 0.0007911929
113 0.0009116771
114 0.0011961137
115 0.0009636423
116 0.0013445277
117 0.0010665004
118 0.0010383704
119 0.0010544206
120 0.0012135893
121 0.0011102649
122 0.0012590899
123 0.0007189208
124 0.0008348056
125 0.0012960914
126 0.0007931563
127 0.0015741911
128 0.0010208143
129 0.0008258523
130 0.0010012908
131 0.0013014259
132 0.0010942255
133 0.0010605201
134 0.0007150809
135 0.0009266240
136 0.0006312851
137 0.0011004767
138 0.0010087986
139 0.0013624576
140 0.0013172270
141 0.0008085111
142 0.0012051603
143 0.0008399849
144 0.0006284272
145 0.0004871411
146 0.0006935597
147 0.0008592221
148 0.0011221088
149 0.0006808732
150 0.0010241422
151 0.0011161949
152 0.0009059483
153 0.0009407443
154 0.0007798291
155 0.0006028254
156 0.0013599166
157 0.0004829363
158 0.0008339181
159 0.0007360564
160 0.0012226098
161 0.0010671448
162 0.0008577072
163 0.0009000151
164 0.0010332994
165 0.0013203391
166 0.0011331222
167 0.0010827658
168 0.0011037098
169 0.0011502305
170 0.0008763461
171 0.0008583703
172 0.0005821676
173 0.0012152296
174 0.0011857063
175 0.0006179331
176 0.0006566621
177 0.0012919193
178 0.0007171496
179 0.0011013314
180 0.0010641733
181 0.0014095505
182 0.0009383718
183 0.0006095211
184 0.0011610883
185 0.0011754602
186 0.0012809859
187 0.0006377950
188 0.0005383518
189 0.0009295022
190 0.0008310188
191 0.0009544523
192 0.0004536055
193 0.0007199676
194 0.0009481651
195 0.0012774076
196 0.0011273320
197 0.0003108840
198 0.0010295721
199 0.0011576791
200 0.0011326546
201 0.0010086296
202 0.0007435970
203 0.0008426342
204 0.0015789754
205 0.0010705149
206 0.0009459852
207 0.0009963473
208 0.0009357514
209 0.0011811006
210 0.0009683752
211 0.0009504264
212 0.0008853013
213 0.0006965492
214 0.0007536928
215 0.0008119832
216 0.0013931140
217 0.0009059122
218 0.0009951496
219 0.0010069542
220 0.0017755591
221 0.0007068909
222 0.0005750938
223 0.0008758212
224 0.0010434604
225 0.0009924049
226 0.0017444875
227 0.0008271316
228 0.0010632261
229 0.0008896945
230 0.0011946770
231 0.0012921320
232 0.0011576140
233 0.0009974109
234 0.0011283637
235 0.0008434214
236 0.0008410221
237 0.0012933396
238 0.0007854611
239 0.0009424392
240 0.0009320602
241 0.0014304253
242 0.0011178092
243 0.0009328633
244 0.0006005411
245 0.0007058698
246 0.0014320312
247 0.0011613250
248 0.0011009417
249 0.0012072244
250 0.0009851285
251 0.0006575028
252 0.0012209626
253 0.0013836250
254 0.0011083955
255 0.0007523335
256 0.0012967976
257 0.0007315949
258 0.0011550830
259 0.0013585158
260 0.0008942672
261 0.0005394090
262 0.0004544912
263 0.0004045926
264 0.0008164275
265 0.0011542596
266 0.0004626821
267 0.0009304013
268 0.0014133401
269 0.0007750884
270 0.0009340365
271 0.0018729998
272 0.0008135840
273 0.0010957814
274 0.0012270619
275 0.0011064097
276 0.0009753077
277 0.0011688563
278 0.0011662156
279 0.0009771488
280 0.0008924767
281 0.0007936508
282 0.0009926324
283 0.0009273688
284 0.0005969297
285 0.0010402664
286 0.0005354044
287 0.0012420119
288 0.0009065243
289 0.0006237913
290 0.0004889532
291 0.0007414615
292 0.0005764235
293 0.0009674382
294 0.0009029302
295 0.0014733920
296 0.0011836629
297 0.0013076083
298 0.0010587531
299 0.0011659900
300 0.0004211788
301 0.0005343859
302 0.0009545312
303 0.0011503523
304 0.0010903314
305 0.0006221124
306 0.0012695806
307 0.0012271373
308 0.0007321320
309 0.0008316262
310 0.0005449341
311 0.0019256874
312 0.0011184400
313 0.0011133858
314 0.0008750738
315 0.0009371508
316 0.0011166244
317 0.0007041417
318 0.0011778336
319 0.0007563585
320 0.0009220760
321 0.0005407740
322 0.0011043080
323 0.0011422324
324 0.0007364161
325 0.0015593518
326 0.0012067001
327 0.0006693746
328 0.0009775407
329 0.0002375147
330 0.0012748906
331 0.0007512815
332 0.0008552300
333 0.0008892331
334 0.0009713309
335 0.0010770539
336 0.0006932278
337 0.0012771673
338 0.0005415140
339 0.0012150172
340 0.0012860045
341 0.0015861192
342 0.0012106345
343 0.0005767833
344 0.0006498194
345 0.0016795434
346 0.0010328241
347 0.0010833419
348 0.0008078751
349 0.0007579499
350 0.0011685269
351 0.0005811547
352 0.0006572911
353 0.0008721941
354 0.0015383256
355 0.0014579268
356 0.0012970305
357 0.0007920694
358 0.0009490627
359 0.0006046385
360 0.0010784316
361 0.0007319735
362 0.0010911095
363 0.0009094421
364 0.0008053921
365 0.0005765912
366 0.0004644612
367 0.0008171586
368 0.0006863219
369 0.0007916929
370 0.0009915900
371 0.0013476593
372 0.0013236361
373 0.0012187866
374 0.0012384448
375 0.0008954844
376 0.0010215808
377 0.0010268632
378 0.0006107052
379 0.0014176034
380 0.0011752703
381 0.0005120884
382 0.0009294088
383 0.0009514877
384 0.0012003263
385 0.0011901882
386 0.0010103606
387 0.0013332996
388 0.0007254056
389 0.0008715690
390 0.0008099937
391 0.0012943842
392 0.0012466821
393 0.0010474905
394 0.0009876376
395 0.0014398462
396 0.0013854240
397 0.0020108996
398 0.0012067614
399 0.0010893420
400 0.0007551761
401 0.0010515649
402 0.0012038929
403 0.0007665093
404 0.0009863525
405 0.0007589840
406 0.0007861587
407 0.0008437489
408 0.0009401645
409 0.0010179698
410 0.0007152450
411 0.0018343161
412 0.0008446798
413 0.0010199321
414 0.0013958957
415 0.0012706638
416 0.0008850113
417 0.0010564737
418 0.0015037333
419 0.0009466713
420 0.0005997059
421 0.0008198436
422 0.0008629564
423 0.0008920409
424 0.0006173472
425 0.0007191328
426 0.0008281325
427 0.0008976153
428 0.0013150303
429 0.0009574936
430 0.0015248245
431 0.0007309961
432 0.0010280750
433 0.0012896388
434 0.0008591539
435 0.0011772486
436 0.0006988216
437 0.0006621287
438 0.0009599384
439 0.0008680101
440 0.0009168046
441 0.0008474111
442 0.0012395824
443 0.0012587010
444 0.0009460898
445 0.0010622703
446 0.0008717773
447 0.0009216098
448 0.0010503608
449 0.0010450910
450 0.0018237422
451 0.0009816894
452 0.0007396847
453 0.0008055118
454 0.0012215106
455 0.0007252905
456 0.0004584293
457 0.0006953950
458 0.0012953854
459 0.0014894271
460 0.0009500547
461 0.0010216954
462 0.0009552983
463 0.0011128512
464 0.0008208871
465 0.0010534753
466 0.0012317495
467 0.0004811068
468 0.0007806387
469 0.0009610549
470 0.0006031927
471 0.0008776254
472 0.0009395872
473 0.0012574338
474 0.0012783771
475 0.0008541941
476 0.0012661284
477 0.0007087485
478 0.0008487780
479 0.0008832398
480 0.0010982219
481 0.0013171137
482 0.0011464376
483 0.0009164410
484 0.0012695547
485 0.0008328719
486 0.0008198964
487 0.0012570090
488 0.0008006102
489 0.0009761572
490 0.0004178480
491 0.0006402068
492 0.0013605088
493 0.0008640228
494 0.0007000968
495 0.0007111506
496 0.0010159967
497 0.0009486911
498 0.0014919135
499 0.0005911715
500 0.0011451234
501 0.0008894039
502 0.0012523226
503 0.0009499319
504 0.0005016801
505 0.0011931431
506 0.0008818206
507 0.0010171226
508 0.0009025521
509 0.0004189830
510 0.0008498345
511 0.0010967872
512 0.0019270655
513 0.0010271462
514 0.0008339550
515 0.0010336966
516 0.0008344890
517 0.0008297362
518 0.0013065181
519 0.0008887560
520 0.0012124813
521 0.0012366925
522 0.0009554789
523 0.0013857421
524 0.0006687954
525 0.0010728341
526 0.0006908235
527 0.0010659073
528 0.0004776156
529 0.0008599771
530 0.0007992706
531 0.0015522990
532 0.0014447691
533 0.0006424877
534 0.0010289593
535 0.0015602971
536 0.0005554659
537 0.0008348453
538 0.0007259465
539 0.0014409870
540 0.0008768200
541 0.0014046251
542 0.0011680449
543 0.0010034877
544 0.0013453719
545 0.0011541115
546 0.0014661179
547 0.0008915070
548 0.0013912730
549 0.0011530526
550 0.0006750945
551 0.0007881631
552 0.0011530333
553 0.0015545107
554 0.0010168473
555 0.0008234110
556 0.0012925408
557 0.0012618647
558 0.0009452232
559 0.0009699616
560 0.0010257517
561 0.0008800106
562 0.0005800166
563 0.0010152168
564 0.0009761880
565 0.0013973857
566 0.0007749552
567 0.0008059525
568 0.0007996857
569 0.0005799243
570 0.0011463697
571 0.0012224903
572 0.0006679837
573 0.0013837104
574 0.0005085675
575 0.0008904008
576 0.0009166343
577 0.0013931470
578 0.0009861864
579 0.0009758994
580 0.0015437644
581 0.0010768740
582 0.0012311659
583 0.0015347142
584 0.0010801079
585 0.0009572870
586 0.0010387344
587 0.0008152979
588 0.0010300825
589 0.0008705314
590 0.0012151095
591 0.0007118060
592 0.0014049935
593 0.0013466971
594 0.0011746724
595 0.0012656132
596 0.0013370867
597 0.0012895279
598 0.0017961158
599 0.0009771958
600 0.0008689595
601 0.0012266149
602 0.0008252137
603 0.0017795156
604 0.0006399888
605 0.0011057567
606 0.0010345465
607 0.0013454893
608 0.0005841952
609 0.0006011233
610 0.0011270761
611 0.0007615605
612 0.0008579778
613 0.0011193181
614 0.0006395274
615 0.0012516407
616 0.0009870511
617 0.0011120248
618 0.0013313894
619 0.0014543324
620 0.0011008832
621 0.0004591634
622 0.0014150024
623 0.0010359180
624 0.0013870303
625 0.0010910517
626 0.0007367087
627 0.0010871546
628 0.0007206624
629 0.0007009457
630 0.0008520764
631 0.0012671271
632 0.0017777067
633 0.0013063322
634 0.0011264227
635 0.0008586093
636 0.0017771328
637 0.0013436745
638 0.0006067154
639 0.0005084687
640 0.0010190539
641 0.0007756299
642 0.0012208972
643 0.0005923904
644 0.0008955786
645 0.0012280243
646 0.0007600257
647 0.0007697298
648 0.0008890613
649 0.0010861787
650 0.0009802095
651 0.0013640417
652 0.0009570448
653 0.0004772166
654 0.0009363683
655 0.0006872802
656 0.0012357716
657 0.0007642868
658 0.0013221167
659 0.0011954249
660 0.0005268232
661 0.0013978556
662 0.0008360099
663 0.0013314488
664 0.0006042960
665 0.0007482526
666 0.0014627611
667 0.0008818056
668 0.0008728298
669 0.0008995440
670 0.0007557948
671 0.0014947495
672 0.0014056755
673 0.0009536812
674 0.0010866884
675 0.0012224272
676 0.0015660891
677 0.0012201345
678 0.0008640558
679 0.0009868475
680 0.0014732611
681 0.0008283712
682 0.0007115702
683 0.0010693765
684 0.0005813409
685 0.0007981669
686 0.0005307656
687 0.0008745382
688 0.0014327399
689 0.0006962174
690 0.0009826213
691 0.0010422668
692 0.0011757571
693 0.0009581053
694 0.0010275785
695 0.0016684313
696 0.0015259220
697 0.0013140646
698 0.0006956380
699 0.0007176765
700 0.0009067081
701 0.0005322342
702 0.0010379190
703 0.0006910525
704 0.0008003169
705 0.0012141275
706 0.0015882318
707 0.0008702270
708 0.0010079184
709 0.0006912968
710 0.0007831708
711 0.0005713406
712 0.0008472192
713 0.0007121130
714 0.0015881116
715 0.0007708866
716 0.0006381451
717 0.0006229190
718 0.0007707276
719 0.0007712308
720 0.0009363016
721 0.0008812255
722 0.0010570289
723 0.0007636108
724 0.0013695715
725 0.0012674705
726 0.0009763301
727 0.0006160644
728 0.0011167837
729 0.0009748580
730 0.0014885832
731 0.0013986321
732 0.0013340028
733 0.0012857378
734 0.0008239853
735 0.0008432491
736 0.0009168471
737 0.0019113755
738 0.0009611104
739 0.0010161174
740 0.0007339494
741 0.0009558445
742 0.0010507141
743 0.0008189453
744 0.0007837403
745 0.0010042886
746 0.0007537596
747 0.0010488482
748 0.0015259260
749 0.0015499918
750 0.0009299724
751 0.0007949160
752 0.0010070336
753 0.0011378318
754 0.0009683652
755 0.0005898481
756 0.0009629241
757 0.0008376379
758 0.0010352403
759 0.0015471569
760 0.0011557566
761 0.0012797475
762 0.0009611283
763 0.0008730394
764 0.0008372699
765 0.0010207255
766 0.0006205438
767 0.0006656131
768 0.0010428318
769 0.0009008589
770 0.0009450905
771 0.0007114622
772 0.0012174899
773 0.0012702095
774 0.0003927168
775 0.0010155544
776 0.0011718671
777 0.0005678399
778 0.0003513952
779 0.0010330209
780 0.0016720927
781 0.0011407132
782 0.0011453905
783 0.0014394819
784 0.0008128796
785 0.0010386535
786 0.0010715197
787 0.0009845712
788 0.0008102403
789 0.0008012090
790 0.0008434414
791 0.0008469392
792 0.0007968056
793 0.0010241855
794 0.0011031401
795 0.0007544657
796 0.0012560081
797 0.0009386625
798 0.0008554276
799 0.0011182892
800 0.0011852982
801 0.0007990885
802 0.0013306430
803 0.0014560013
804 0.0009435809
805 0.0013771510
806 0.0011952200
807 0.0007969117
808 0.0012590133
809 0.0010479750
810 0.0007371261
811 0.0008311504
812 0.0010446648
813 0.0006533175
814 0.0008472957
815 0.0010431171
816 0.0009494251
817 0.0013356098
818 0.0010711756
819 0.0008993045
820 0.0012807096
821 0.0013333484
822 0.0015522216
823 0.0012497436
824 0.0010798916
825 0.0014978140
826 0.0016041460
827 0.0011399989
828 0.0010313646
829 0.0013198509
830 0.0009678385
831 0.0007877544
832 0.0010032636
833 0.0006537902
834 0.0007084939
835 0.0011001034
836 0.0006935417
837 0.0013531314
838 0.0012669048
839 0.0014016901
840 0.0007902956
841 0.0006708324
842 0.0012765887
843 0.0006751765
844 0.0014376687
845 0.0005468517
846 0.0008229751
847 0.0010213274
848 0.0008939047
849 0.0009355021
850 0.0010213768
851 0.0008787049
852 0.0010812556
853 0.0007748123
854 0.0010001282
855 0.0007804565
856 0.0007885191
857 0.0010099411
858 0.0011854707
859 0.0009259097
860 0.0007384696
861 0.0010736138
862 0.0013104070
863 0.0013031890
864 0.0013247649
865 0.0006479029
866 0.0014674425
867 0.0006932304
868 0.0016687943
869 0.0008675423
870 0.0009099984
871 0.0010253236
872 0.0009700654
873 0.0012142470
874 0.0007910596
875 0.0007282844
876 0.0009781047
877 0.0016884479
878 0.0007755890
879 0.0016651847
880 0.0007156509
881 0.0008270013
882 0.0011215581
883 0.0008426118
884 0.0011634603
885 0.0003722737
886 0.0010735694
887 0.0007029584
888 0.0009552726
889 0.0008401966
890 0.0013107812
891 0.0009037588
892 0.0007853944
893 0.0007243914
894 0.0013200711
895 0.0013213851
896 0.0011860351
897 0.0013695697
898 0.0009506730
899 0.0006356606
900 0.0009248931
901 0.0007496065
902 0.0008189640
903 0.0011546642
904 0.0004566865
905 0.0007799392
906 0.0014551229
907 0.0012536435
908 0.0007207512
909 0.0011467313
910 0.0011250181
911 0.0010396130
912 0.0004798842
913 0.0007226371
914 0.0009917665
915 0.0010085598
916 0.0006220318
917 0.0009251077
918 0.0008496715
919 0.0006254310
920 0.0008404605
921 0.0003788186
922 0.0007028574
923 0.0001500000
924 0.0011191664
925 0.0006045805
926 0.0010832694
927 0.0006685845
928 0.0010196472
929 0.0010494046
930 0.0014505451
931 0.0006291919
932 0.0014009700
933 0.0010037598
934 0.0008606114
935 0.0008720544
936 0.0012863559
937 0.0007432042
938 0.0013069870
939 0.0008237119
940 0.0014012013
941 0.0009730917
942 0.0012056464
943 0.0008455926
944 0.0011365141
945 0.0005894189
946 0.0008185085
947 0.0010584260
948 0.0009649604
949 0.0010590213
950 0.0011820149
951 0.0010615572
952 0.0010573704
953 0.0006801219
954 0.0007116853
955 0.0008731924
956 0.0009990593
957 0.0010580788
958 0.0007212969
959 0.0006181850
960 0.0006539783
961 0.0011884001
962 0.0011811578
963 0.0011352248
964 0.0005793763
965 0.0012670649
966 0.0006749447
967 0.0014904129
968 0.0007699860
969 0.0015307146
970 0.0008640174
971 0.0007954467
972 0.0004502635
973 0.0011333681
974 0.0011347667
975 0.0011579926
976 0.0007410094
977 0.0012028298
978 0.0009135720
979 0.0007249645
980 0.0011710740
981 0.0015201866
982 0.0006519850
983 0.0009036690
984 0.0012410030
985 0.0007584318
986 0.0012598596
987 0.0008226886
988 0.0008484448
989 0.0007981858
990 0.0012745613
991 0.0013411750
992 0.0009592581
993 0.0004357829
994 0.0013951905
995 0.0009363908
996 0.0015030417
997 0.0011649652
998 0.0003672368
999 0.0008374103
